2  471957 5 6  2199 911112152                                                199
3  521957 5 8 42 91 421412161                                                 91
3  533957 5 8 42 91 421141113 9999999 91 429991141113 9999999 42 93 931121121 91
2   11957 226 91 93 931132132                                                 93
3   62957 425 91 93 911141113 9999999 93 91 911111523                         93
2   72957 425 91 93 911143121 9999999 93 91 911211521                         93
3   91957 426 91 93 911412161                                                 93
3  121957 428 91 93 911211333                                                 93
3  131957 429 91 93 911412161                                                 93
3  171957 5 1 91 93 911111523                                                 93
310241957 5 2 91 93 911211533                                                 93
3  262957 5 2 91 93  21141113 9999999 93 91 931211533                         93
1  301957 5 3 91 93 911511533                                                 93
3  351957 5 3 91 939951111523                                                 93
3  432957 5 4 91 93 911141113 957 5 2 93 91 911111523                         93
3  442957 5 4 91 93 911141113 957 5 3 93 91 911111523                         93
1  401957 5 5 91 93 931511533                                                 93
3  482957 5 7 91 93 911141113 957 5 7 93 91 911111523                         93
1  571957 510 91 939951111521                                                 93
3  582957 513 91 93 911141113 9999999 93 919951111523                         93
1  601957 529 91 93 901212121                                                 93
1  622957 530 91 93 901642121 9999999 91 93 931211523                         93
210642957 612 91 93  21142121 9999999 91 939952212152                         93
3  652957 618 91199 911141113 9999999 93 91 911211653                         93
1  672957 623 91 93 931142121 9999999 91 93 911112521                         93
1  681957 721 91 93  21112521                                                 93
1  7519571216 91 93 931212161                                                 93
2  143957 429 91199 911143121 9999999199 939991141113 9999999 93 91 911111523199
2  282957 5 2 91199  21143121 9999999199 91 911211212                        199
1  543957 510 91199 911142121 957 5 8199 91 911143121 9999999 91 939951211521199
210652957 316 91997 911142921 9999999391 913911212142                        391
1  702957 721 91 93  21142121 9999999391 913911112531                        391
2  732957 721 91 93  21142421 9999999999 911991212142                        999
3   22957 226 93 91 931141113 957 226 91 93 931132132                         91
3   51957 419 93 919951211653                                                 91
4   82957 425 93 91 911141114 9999999 93 91 911111523                         91
4  112957 427 93 91 931141114 9999999 93 91 911111523                         91
3  152957 429 93 91 931141113 9999999 91 93 911211353                         91
3  161957 430 93 91 931211353                                                 91
1  181957 5 1 93 91 931511353                                                 91
3  241957 5 2 93 91 931111523                                                 91
3  252957 5 2 93 91  21141113 9999999 91 93 931211533                         91
3  291957 5 2 93 91 931211353                                                 91
310251957 5 2 93 91 931211533                                                 91
1  311957 5 3 93 91 931511533                                                 91
1  322957 5 3 93 91 931642321 9999999 93 91 931211533                         91
3  382957 5 4 93 91 931141113 9999999 91 939951111523                         91
1  391957 5 5 93 91 931511533                                                 91
4  492957 5 7 93 91 931141114 957 5 7 93 91 911111523                         91
1  561957 510 93 919951111521                                                 91
1  591957 529 93 91 901212121                                                 91
1  612957 530 93 91 901642121 9999999 93 91 911211523                         91
210632957 612 93 91  21142121 9999999 93 919952212152                         91
1  662957 623 93 91 931142121 9999999 93 913911112521                         91
1  691957 721 93 91  21112521                                                 91
1  7419571216 93 91 911212161                                                 91
1  191957 5 1 93199 931112991                                                199
2  272957 5 2 93199  21143121 9999999199 93 931211212                        199
1  412957 5 5 93199 931142121 9999999 93 919951211521                        199
1  421957 5 5 93199 931142121 9999999199 939951132141                        199
1  553957 510 93199 931142121 957 5 8199 93 931143121 9999999 93 919951211521199
1  712957 721 93 91  21142121 9999999391 933911112531                        391
2  722957 721 93 91  21142421 9999999999 933991212142                        999
3  331957 5 3 94 93 941211333                                                 93
2  341957 5 3 94999 941112362                                                999
2   43957 312199999 921141112 9999999 911999991642121 9999999 91 93 931211993 91
2  212957 5 2199 91  21142121 9999999199 91 911212342                         91
2  371957 5 4199 91 911212342                                                 91
1  461957 5 6199 919961132141                                                 91
2  512957 5 8199 91 911143121 9999999 91 939951211521                         91
2  632957 530199 91 901142111 957 530199 91 901212142                         91
2   33957 312199999 921141112 9999999 931999991642121 9999999 93 91 911211993 93
2  222957 5 2199 93  21142121 9999999199 93 931212342                         93
2  361957 5 4199 930931212342                                                 93
1  451957 5 6199 939961132141                                                 93
2  502957 5 8199 93 911143121 9999999 93 919951211521                         93
2  642957 530199 93 901142111 957 530199 93 901212142                         93
1  201957 5 1199199  21212111                                                199
3  231957 5 2199199  21512111                                                199
3  101957 427999 93 911114213                                                 93
