1 3951936 4 22002112001112111                                                211
3 3982936 4 22002112001142421 99999992002552091211533                        211
1 4002936 4 22002112001142421 99999992009982091211131                        211
1 4212936 4 32002112001141111 93699992002552091792991                        211
2 5223936 7 42002112252143121 936 7992113252111143121 936 7703259972111212111211
1 5432936 7152002202201641211 936 7702119982111212111                        211
2 660293610152002112001143121 99999992112552092212121                        211
2 659293610152002112001143121 99999992119972092212121                        211
2 656293610152002112001143121 99999992112202092211131                        211
2 662293610152002112001143421 99999992112002111131121                        211
2 655293610152002112001143121 99999992112002092211131                        211
3 745293611272002112001142421 99999992002552091211533                        211
1  181936 1272002202001112111                                                220
1  451936 3 12002202001112111                                                220
3  551936 3 42002202251512111                                                220
1 1172936 3 72002202001141211 99999992202552092611993                        220
1 1152936 3 72002202001142121 99999992009972091612533                        220
1 1162936 3 72002202001141211 99999992002552092611993                        220
1 1071936 3 72002202001112111                                                220
1  471936 3 72002202251212111                                                220
1  951936 3 72002202201112111                                                220
2 1182936 3 72002202001143121 99999992202552201212719                        220
1 1371936 3 82002202001112111                                                220
2 1862936 3102002202201143421 99999992202552091212121                        220
3 1952936 3112002202001141213 99999992002552001211353                        220
3 2643936 3182002202001141113 936 3182002202001141211 99999999992202201132141220
1 2721936 3192002202001112521                                                220
1 2742936 3192002202001142121 99999992002202091211131                        220
1 3401936 3252002202001112111                                                220
1 3931936 4 22002202001112111                                                220
1 3992936 4 22002202001142421 99999992009982091211131                        220
3 3972936 4 22002202001142421 99999992002552091211533                        220
1 4202936 4 32002202001141111 93699992002552091792991                        220
3 4222936 4 42002202001642111 936 4 82009972111212111                        220
1 4462936 4102002202251642121 99999992002552551423151                        220
1 4621936 4192002202251112111                                                220
1 4853936 5252002202251142121 99999992002552001143121 99999992552002551112991220
1 5032936 6182009992001141211 99999992209982091212111                        220
1 5071936 6222002202001112111                                                220
1 5132936 6232009992001141211 99999992209982091112521                        220
1 5152936 6252009992201141211 99999992202002001999991                        220
1 5171936 6252002202201112111                                                220
1 5401936 7152002202001112111                                                220
1 5422936 7152002202201141211 936 7702209982111612111                        220
1 5412936 7152002202201141211 936 7702009982111612111                        220
1 5502936 7162002202001142121 936 7802002202002212111                        220
1 5512936 7162002202001142121 936 7802002112002212111                        220
1 5561936 7182002202001112111                                                220
1  162936 1172002552001642121 99999992559979941112533                        255
1  201936 1272002552001112111                                                255
3 1132936 3 72002552001141113 936 3 72552209941211453                        255
3 1142936 3 72002552001141113 936 3 72559979941112533                        255
1 1091936 3 72002552001112111                                                255
3 1392936 3 82002552001141113 936 3 72559979941112533                        255
3 1482936 3 92009992001141113 936 3 72552209941211453                        255
1 1512936 3 92009992001141211 99999992552112111611993                        255
1 1502936 3 92009992001141211 99999992552202201611993                        255
3 1682936 3102009992001141113 936 3 72559979941112533                        255
2 1882936 3112002552001143121 99999992552209941211521                        255
2 1893936 3112002552001143121 99999992552202551142121 99999992552209941611993255
2 2182936 3132002552551143121 99999992552209941211521                        255
2 2373936 3152002552551143111 936 3152553982551142111 936 3162553982001112111255
1 2493936 3172002552001142121 99999992009972001143121 99999999972552091212121255
1 2651936 3182002552001112111                                                255
2 3113936 3212002552001143121 99999992559972551143999 99999999972552091999991255
1 3183936 3232009992001141211 99999992559972551143999 99999999972552091999991255
1 3421936 3252002552001112111                                                255
1 3522936 3262009992001141211 99999992559972091212121                        255
3 3512936 3262009992001141213 99999992552202201211993                        255
1 3451936 3262002552001112111                                                255
3 3502936 3262009992001141213 99999992552112111211993                        255
1 3482936 3262009992001141211 99999992559972091999991                        255
1 3873936 4 12002552001141211 99999992552202551142121 99999992552209941611993255
1 3862936 4 12002552001141211 99999992002552091611533                        255
1 3911936 4 22002552001112111                                                255
1 3902936 4 22002552001142121 99999992009982091211131                        255
1 4181936 4 32002552001112111                                                255
1 4602936 4182009992001141211 99999992559972091999991                        255
2 4713936 5 82002552001143121 99999992553912551142121 99999993912552101212142255
2 4693936 5 82002552001143121 99999992552002551142121 99999992559992091611993255
2 4673936 5 82002552001143121 99999992552002551142121 99999992559992091612533255
2 4703936 5 82002552001143121 99999992553652551142121 99999992553652091611993255
2 4682936 5 82002552001143121 99999992552002551421133                        255
1 4791936 5142002552551112111                                                255
2 4822936 5232002552551143121 99999992552002551112991                        255
1 4861936 5302002552001212111                                                255
3 4881936 6 42002552001512111                                                255
3 4962936 6102009992001141213 99999992552002551612991                        255
1 5022936 6182009992001141211 99999992559982091212111                        255
1 5042936 6182009992001141211 99999992559992091299991                        255
3 5052936 6182009992001141113 93699992559992091699991                        255
1 5122936 6232009992001141211 99999992559982091112521                        255
2 5832936 7242002552552143121 99999992559972091212121                        255
2 5863936 7242002552001143121 99999992559972551142121 99999992559972091212121255
1 6101936 9 42002552551114151                                                255
1 6222936 9112002202001141211 93610992559972001212121                        255
1 6232936 9112002112001141211 93610992559972001212121                        255
1 6242936 9112002552001141211 93610992559972001212121                        255
1 6212936 9112003252001141211 93610992559972001212121                        255
2 6362936 9192002552001143121 936 9992559972091212111                        255
2 6372936 9192002552001143121 93699992559972001212111                        255
1 649193610122002552001112111                                                255
3 735393611 32002552001141113 93699992559992551141113 99999992002552091993993255
1 748193611 32002552551112111                                                255
3 738193611 52002552001114213                                                255
3 737393611 52009992001141113 93610152552002551642121 99999992553652091112521255
3 766293612142009992001141213 99999992559992091112533                        255
1 1111936 3 72003252001112111                                                325
1 1192936 3 72002202001141211 99999993252552092611993                        325
1 1591936 3 92003253251112111                                                325
2 5873936 7242003252001143121 99999993259973251142121 99999993259972092212121325
2 5883936 7242003252001143121 99999993259973251142121 99999993252552092212121325
2 5802936 7242003253252143121 99999993252552092212121                        325
2 5772936 7242003253252143121 99999993259972092212121                        325
1 688193610192003253251112111                                                325
1 1632936 3 92002202201141211 99999993983982001212111                        398
2 2293936 3142003982001143111 936 3143982552001143111 936 3162553982001112111398
2 4172936 4 32003982001143121 936 4503983982251212111                        398
1 736293611 52009992001141211 99999993983982251712161                        398
1 1522936 3 92009992001141211 99999999972552091112521                        997
1 1692936 3102009992001141211 99999999972552091212121                        997
1 3103936 3212002552001141111 936 3199972552001642321 99999999972552091211993997
1 3173936 3232009992001141111 936 3199972552001642321 99999999972552091211993997
1 3473936 3262009992001141111 936 3199972552001642321 99999999972552091211993997
1 4232936 4 42002202001141211 936 4999979972251212111                        997
1 5542936 7162002202001141211 99999999972552001212121                        997
2 6332936 9192009972001143121 936 9999972552091212111                        997
2 6342936 9192009972001143121 936 9999979972091212111                        997
2 6352936 9192009972001143121 93699999972552001212121                        997
1 753293612 22009992001141211 99999999979972091112521                        997
1 4531936 4152009982001211131                                                998
3 4571936 4162009982001511131                                                998
1 4722936 5122009982251142121 99999992002552091699993                        998
1 5202936 7 42009982251142121 936 7702009972111212111                        998
1 5381936 7132009982111112111                                                998
1 5621936 7212009982001112111                                                998
1 5683936 7232009982001142121 99999992002552552143121 99999992559972091212121998
1 5713936 7232009982001142121 99999992003253252143121 99999993259972092212121998
1 5651936 7232009982001112111                                                998
1 5763936 7232009982001142121 99999992003253252143121 99999993252552092212121998
1  322936 2122009992001142121 99999992009972091612533                        999
1 1492936 3 92009992001142421 99999992009972091612533                        999
1 2612936 3182002202001141211 99999999992112111132141                        999
1 2602936 3182002202001141211 99999999992552551132141                        999
1 2592936 3182002202001141211 99999999992202201132141                        999
3 3492936 3262009992001142421 99999992002552091211533                        999
1 4502936 4102009992251142111 936 4152009982001211131                        999
1 5012936 6182009992001141211 99999992009982091212111                        999
1 5112936 6232009992001141211 99999992009982091112521                        999
1 5602936 7212009992001142111 936 7232009982001212111                        999
3 742293611202009992001142421 99999992009992091211533                        999
3 741293611202009992001142421 99999992002552091211533                        999
3 744293611272009992001142421 99999992002552091211533                        999
1 752293612 22009992001642421 99999992002552091211533                        999
3 767293612142009992001142421 99999992002552091211533                        999
3 774293612272009992001642121 99999992002554091132111                        999
1 2143936 3132112002002142221 99999992112002001142121 99999992112552091611533200
2 2123936 3132112002002143221 99999992002112001142421 99999992002552091211533200
1 3961936 4 22112002001112111                                                200
1 4022936 4 22112002111142421 99999992119982091211131                        200
3 4042936 4 22112002111142421 99999992112552091211533                        200
1 5472936 7152112002202141211 936 7702009982111212111                        200
1 5492936 7152112002202141211 936 7702119982111212111                        200
1 6452936 9252112202251141211 99999992009982091211131                        200
1 664293610152112002001642121 99999992113982251512161                        200
1 663293610152112002001142121 99999992119972091612533                        200
4 676293610162112002001141114 93610142119972111112533                        200
3 696293610212112002001142121 99999992119992091612511                        200
1 720293610252112002201142421 99999992112002092211131                        200
1  301936 2112112202201112111                                                220
1  612936 3 62112202201142421 99999992112202091211131                        220
1  591936 3 62112202201112521                                                220
1  991936 3 72112202201112111                                                220
1 1843936 3102112002201141111 936 3102202002201141211 99999992552209941211521220
1 1853936 3102112002201141111 936 3102202002201141211 99999999992552551423151220
1 1833936 3102112002201141111 936 3102202002201642421 99999992202552091212121220
1 4472936 4102112202251642121 99999992112552551423151                        220
1 5482936 7152112002202141211 936 7702209982111212111                        220
1 6442936 9252112202251141211 99999992209982091211131                        220
1 6432936 9252112202251141211 99999992119982091211131                        220
1 6383936 9252112202251141211 99999992112202111642421 99999992112552091211533220
1 6393936 9252112202251141211 99999992112002111642421 99999992112552091211533220
4 677293610162112202201141114 93610142119972111112533                        220
3 678393610172112202111142121 99999992112202091642421 99999992112552091211533220
3 679393610172112202111142121 99999992112002091642421 99999992112552091211533220
1 719293610252112202201142421 99999992112202092211131                        220
1 718293610252112202201142421 99999992112002111131121                        220
1 717293610252112202201142421 99999992112202111131121                        220
3 1201936 3 72112552111211333                                                255
3 1932936 3112119992111141113 936 3 72552209941211453                        255
3 1922936 3112119992111141113 936 3 72559979941112533                        255
3 2162936 3132119992111141113 936 3 72552209941211453                        255
3 2172936 3132119992111141113 936 3 72559979941112533                        255
3 2262936 3142113982002141113 936 3 72559979941112533                        255
3 2272936 3142113982002141113 936 3 72552209941211453                        255
2 5842936 7242112552552143121 99999992559972091212121                        255
3 756193612 22112552111321133                                                255
2 5292936 7 72113252111143121 936 7703259972111212111                        325
2 5812936 7242113253252143121 99999993252552092212121                        325
2 5782936 7242113253252143121 99999993259972092212121                        325
2 1402936 3 82113982111143122 99999993982552251999993                        398
2 2473936 3162113982002143121 936 3993989992001141113 936 3 72559979941112533398
1 684293610182119992111141211 99999999979972091112521                        997
1 683293610182119992111141211 99999999979972091112533                        997
1 695293610212112002001141211 99999999979972091112533                        997
1 4551936 4152119982001211131                                                998
3 4591936 4162119982001511131                                                998
1 4742936 5122119982251142121 99999992112552091699993                        998
1 5192936 7 42119982251142121 936 7702119972111212111                        998
1 5361936 7132119982111112111                                                998
1 5703936 7232119982001142121 99999992112552552143121 99999992559972091212121998
1 5661936 7232119982001112111                                                998
1 5723936 7232119982001142121 99999992113253252143121 99999993259972092212121998
1 5753936 7232119982001142121 99999992113253252143121 99999993252552092212121998
1 724193610212119982201112111                                                998
1 4512936 4102119992251142111 936 4152119982001211131                        999
1 5582936 7202119992111142121 99999992112552091611533                        999
1 5612936 7212119992001142111 936 7232119982001212111                        999
2 652193610142119992111112362                                                999
1 651293610142119992111642421 99999992112552091211533                        999
1 712293610262119992111142121 99999992119972091612533                        999
1 711293610262119992111141111 99999992119999991612533                        999
3 713293610282119992111642121 99999992112552111131121                        999
1 715293610282119992111142121 99999992119972091612533                        999
1 716293610282119992111642121 99999992113982251512161                        999
3 714293610282119992111642121 99999992112202111131121                        999
1 1331936 3 8220  22201112111                                                  2
3  172936 1172202002201142421 99999992202552201211313                        200
1  191936 1272202002001112111                                                200
2  332936 2182202002201143121 99999992002202091112511                        200
1  441936 3 12202002001112111                                                200
2  573936 3 42202002251143121 99999992002202091142421 99999992002552091211533200
3  541936 3 42202002251512111                                                200
1  461936 3 72202002251212111                                                200
1  941936 3 72202002201112111                                                200
1 1081936 3 72202002001112111                                                200
3  623936 3 72209992201141213 99999992002202091642421 99999992002552091211533200
1 1381936 3 82202002001112111                                                200
3 1792936 3102202002201642421 99999992202552091212121                        200
2 1822936 3102202002201143121 99999992002202091112511                        200
2 1942936 3112202002001143121 99999992002552001211353                        200
1 2153936 3132202002002142221 99999992202002001142121 99999992202552091611533200
2 2133936 3132202002002143221 99999992002202001142421 99999992002552091211533200
3 2623936 3182202002001141113 936 3182002202001141211 99999999992202201132141200
3 2632936 3182202002001642421 99999992202552091212121                        200
1 2731936 3192202002001112521                                                200
1 2752936 3192202002001142121 99999992202002091211131                        200
1 3092936 3202209992201141211 99999992002552092299993                        200
3 3232936 3232202002001642111 936 3242202002001112111                        200
3 3242936 3232202002001642111 936 3242202552001112111                        200
3 3372936 3242209992201141113 936 3992002552091212142                        200
3 3362936 3242209992201141113 936 3992002202091212142                        200
3 3382936 3242209992201141213 99999992002202091699991                        200
1 3411936 3252202002001112111                                                200
1 3941936 4 22202002001112111                                                200
1 4012936 4 22202002201142421 99999992209982091211131                        200
3 4032936 4 22202002201142421 99999992202552091211533                        200
1 4631936 4192202002251112111                                                200
1 5061936 6222202002001112111                                                200
1 5093936 6232209992201141211 99999992002552091142221 99999992002552001421133200
1 5161936 6252202002201112111                                                200
3 5302936 7 92202002201642421 99999992202002201131121                        200
3 5311936 7 92202002201112533                                                200
1 5462936 7152202002202141211 936 7702009982111212111                        200
1 5391936 7152202002001112111                                                200
1 5442936 7152202002201141211 936 7702209982111212111                        200
1 5522936 7162202002001142121 936 7802202002002212111                        200
1 5532936 7162202002001142121 936 7802202112002212111                        200
1 5571936 7182202002001112111                                                200
1 6422936 9252202112251141211 99999992009982091211131                        200
1  311936 2112202112201112111                                                211
1  581936 3 62202112201112521                                                211
1  602936 3 62202112201142421 99999992202112091211131                        211
1  981936 3 72202112201112111                                                211
2 5233936 7 42202112252143121 936 7992113252111143121 936 7703259972111212111211
1 5452936 7152202002202141211 936 7702119982111212111                        211
1 6402936 9252202112251141211 99999992209982091211131                        211
1 6412936 9252202112251141211 99999992119982091211131                        211
2 654293610152202112201143121 99999992112202092211131                        211
2 653293610152202112201143121 99999992112002092211131                        211
2 658293610152202112201143121 99999992112552092212121                        211
2 661293610152202112201143421 99999992112202111131121                        211
2 657293610152202112201143121 99999992119972092212121                        211
3 693293610202202112201142221 99999992119972111112533                        211
2 692393610202202112201143221 99999992112202111142121 99999992112552091112521211
1 691393610202202112201142221 99999992202112201142421 99999992202552091211533211
1 694293610212209992201141211 99999992119979971999991                        211
2  102936 1162202552551143121 99999992559979941612533                        255
3   62936 1162202552551141213 99999992552209941211453                        255
3   72936 1162202552551141213 99999992559979941112533                        255
3   82936 1162202552551142222 99999992202552091299993                        255
2   92936 1162202552551143121 99999992552209941611453                        255
3  262936 2 92209992201141113 93699992559979941112533                        255
3  252936 2 92209992201141113 93699992552209941211453                        255
2  432936 2292202552551143121 99999992552202551212111                        255
1  491936 3 22202552551112111                                                255
2 1022936 3 72202552201143222 99999992552209941211521                        255
3 1062936 3 72202552201142122 93699992202559941211533                        255
3 1001936 3 72202552201211313                                                255
3 1012936 3 72202552201642321 99999992202552091212121                        255
211062936 3 72202552201143311 93699992552209941211521                        255
3 1033936 3 72202552201642121 99999992202552201142221 99999992202552091611993255
3 1042936 3 72209992201141113 936 3 72559979941112533                        255
2  893936 3 72202552551143121 99999992552202551141112 936 3 72553982251612991255
3 1273936 3 82209992201141113 936 3 72559992551141113 935 5 22203652201112521255
3 1451936 3 82202552201311313                                                255
3 1293936 3 82209992201141113 936 3 72559992551141113 935 5 22202552201112533255
3 1303936 3 82209992201141113 99999992553912551643121 99999993912552101212142255
3 1313936 3 82209992201141113 99999992553912551643121 99999993912202101212142255
3 1222936 3 82203982201141113 936 3 72552209941211453                        255
3 1252936 3 82209992201141113 936 3 72552209941211453                        255
3 1621936 3 92202552201311313                                                255
3 1601936 3 92202552201312183                                                255
1 1802936 3102202002201141211 99999992552209941211521                        255
1 1662936 3102209992201141211 99999992552209941211521                        255
3 1902936 3112209992201141213 93899992552252091211533                        255
3 2242936 3142203982002141113 936 3 72559979941112533                        255
3 2282936 3142203982001141113 936 3 82552209941211353                        255
3 2252936 3142203982002141113 936 3 72552209941211453                        255
1 2523936 3172209992001141211 99999992553912551143121 99999993912552101212142255
1 2533936 3172209992001141211 99999992553912551143121 99999993912202101212142255
1 2542936 3172209992001141211 99999992552209941211521                        255
1 3063936 3202209992201141211 99999992553982551142121 99999993982552551132141255
1 3073936 3202209992201141211 99999992559992551142121 99999999992559941211212255
1 3043936 3202209992201141211 99999992559992551141211 99999993912552101212142255
1 3053936 3202209992201141211 99999992559992551141211 99999993912202101212142255
3 3203936 3232202002001141213 99999992559972551143999 99999999972552091999991255
3 3193936 3232209992001141213 99999992559972551143999 99999999972552091999991255
3 3393936 3252209992201141113 936 3 72552202551142221 99999992552202091611993255
3 3613936 3292209992201141113 936 3262559992551642121 99999993912552101212142255
1 3633936 3292209992201141211 99999992552202551142121 99999992552209941211521255
3 4153936 4 22202002201141113 936 3312552002551142421 99999992553982251212161255
3 4143936 4 22202002201141213 99999992552112551142221 99999992552112091611993255
3 4123936 4 22202002201141113 936 3312552002551141211 93699999972552091212121255
3 4113936 4 22202002201141113 936 3312552002551142421 99999992552209941611313255
3 4093936 4 22202002201141213 93699992559972551142221 93699992559972091699993255
3 4133936 4 22202002201141213 99999992552202551142221 99999992552202091611993255
3 4103936 4 22202002201141113 936 3312552002551141211 99999999982202201212152255
3 4373936 4 82209992201141113 99999992552202551642122 99999992552202091699993255
3 4842936 5252202002251141113 936 4212552209941211993                        255
1 5102936 6232209992201141211 99999992552202091299991                        255
1 5083936 6232209992201141211 99999992552002091142221 99999992552002551421133255
1 5272936 7 12203982251141211 99999992552002551112991                        255
2 5852936 7242202552552143121 99999992559972091212121                        255
3 6052936 8252209992201141113 936 8242552202551211353                        255
3 6141936 9 52202552201321133                                                255
3 754193612 22202552201321133                                                255
1 760293612 42209992201141211 99999992552202551421133                        255
2 771293612262202552201143221 99999992552202551421133                        255
2 772393612262202552201143221 99999992552202551142121 99999992559992091611993255
1 769293612262202552201142221 99999992202554091132111                        255
1 770293612262202552201142221 99999992202552201421133                        255
3  563936 3 42202002251141113 936 3 33252203251142421 99999993259972091699991325
1  961936 3 72203252201112111                                                325
1 1571936 3 92203253251112111                                                325
1 3541936 3262203253251112111                                                325
1 4951936 6102203252201112111                                                325
2 5822936 7242203253252143121 99999993252552092212121                        325
2 5792936 7242203253252143121 99999993259972092212121                        325
3 755193612 22203252201321133                                                325
1  901936 3 72203652201112111                                                365
1 3591936 3272203652201112111                                                365
1 4801936 5222203652201112111                                                365
2 1232936 3 72203982201143121 99999993982552091299993                        398
2 1212936 3 82203982201143121 93699993983982251212111                        398
1 1642936 3102209992201141211 99999993982552091999993                        398
3 2363936 3142203982001142421 99999992202552201643121 99999992552209941211521398
3 2303936 3142203982001141213 936 3143982552001143111 936 3162553982001112111398
3 2402936 3152203982001642111 936 3162202552001112121                        398
2 2463936 3162203982002143121 936 3993989992001141113 936 3 72559979941112533398
1 4333936 4 82209992201141211 99999993989982251142121 99999999989992091212342398
1 4353936 4 82202552201141211 99999993989982251142121 99999999989992091212342398
2 1772936 3102209972201141212 99999992202559941111553                        997
2 1783936 3102209972201142121 99999992203982001143122 99999993982552091299993997
1 1912936 3112209992201141211 93699999972559941211533                        997
1 3852936 4 12202002201141211 936 4 89979972111212111                        997
1 4162936 4 22202002201141211 936 4999979972091212111                        997
2 4452936 4102209972251143121 99999999972552551423151                        997
1 5552936 7162202002001141211 99999999972552001212121                        997
1 648293610 32209992251141211 93699999972252001212121                        997
1 4541936 4152209982001211131                                                998
3 4581936 4162209982001511131                                                998
1 4732936 5122209982251142121 99999992202552091699993                        998
1 5212936 7 42209982251142121 936 7702209972111212111                        998
1 5371936 7132209982111112111                                                998
1 5733936 7232209982001142121 99999992203253252143121 99999993259972092212121998
1 5693936 7232209982001142121 99999992202552552143121 99999992559972091212121998
1 5671936 7232209982001112111                                                998
1 5743936 7232209982001142121 99999992203253252143121 99999993252552092212121998
1 721193610312209982201112111                                                998
1  293936 2122209992201142421 99999992209972201143121 99999999972552091219993999
1  402936 2252209992201141111 935 5 22203652201112521                        999
4  412936 2252209992201141114 935 5 22202552201112533                        999
1 1052936 3 72209992201141211 99999992202552091211533                        999
4 1282936 3 82209992201141114 935 5 22202552201112533                        999
3 1322936 3 82209992201141213 99999999992552091699993                        999
3 1242936 3 82209992201642421 99999992202552091212121                        999
3 1263936 3 82209992201642421 936 3 72202552201142221 99999992202552091611993999
1 1652936 3102209992201142421 99999992202552091212121                        999
1 1812936 3102202002201141211 99999999992552551423151                        999
1 2112936 3122209992201141111 935 5 22203652201112521                        999
3 2412936 3152209992001642111 936 3162202552001112121                        999
3 2512936 3172209992001642421 99999992202552091212121                        999
3 2672936 3182209992201142111 936 3252202552201211353                        999
3 3082936 3202209992201142422 99999992202552092299993                        999
3 3212936 3232209992201642111 936 3242202002001112111                        999
3 3222936 3232209992201642111 936 3242202552001112111                        999
1 3622936 3292209992201142421 99999992202552091212121                        999
1 4343936 4 82209992201141211 99999999999992091142121 99999999999992091611993999
1 4363936 4 82202552201141211 99999999999992091142121 99999999999992091611993999
1 4522936 4102209992251141111 936 4152209982001211131                        999
1 4562936 4152209992201141211 99999992202552091211993                        999
1 4612936 418220999  21141111 93699992202552091611993                        999
3 4662936 4232209992201642121 99999992202554711132111                        999
1 5592936 7212209992001142111 936 7232209982001212111                        999
3 6072936 8262209992201142122 99999992202552201299993                        999
1 6252936 9132209992201141211 99999992202552091999991                        999
1 6262936 9132209992201642121 99999992203652201112533                        999
3 6322936 9172209992201142421 99999992202552091211533                        999
1 6312936 9172209992201141211 99999992202552091611533                        999
1 647293610 32209992251141211 99999992209972091999991                        999
1 740293611152209992201141211 99999999999992091421133                        999
1 739293611152209992201141211 99999999999992091611533                        999
1 746293611272209992201141211 99999992202552091111643                        999
3 747293612 42209992201142421 99999992202552091211533                        999
1 759293612 42209992201141211 99999992202552201421133                        999
3 757293612 42209992201142421 99999992202552091211533                        999
1 758293612 42209992201141211 99999992202552091112521                        999
4 775393612302209992201141114 99999992202552201142221 99999992202554091132111999
1  211936 1272552002001112111                                                200
1  222936 1272552002001141211 99999992559979941612533                        200
1 1101936 3 72552002001112111                                                200
1 2022936 3122552002001142121 99999992552119941611313                        200
3 2032936 3122552002001642121 99999992552209941211521                        200
1 2012936 3122552002001142121 99999992552209941611313                        200
1 2042936 3122552002001142121 99999992552209941611313                        200
2 2483936 3172552002551143121 99999992009972001143121 99999999972552091212121200
1 2661936 3182552002001112111                                                200
3 3003936 3192559992551141113 936 3192002202001142121 99999992002202091211131200
9 3293936 3242552002001142121 936 4502559972551143999 99999999972552091999991200
3 3442936 3252552002001642121 99999992552209941611993                        200
1 3431936 3252552002001112111                                                200
1 3461936 3262552002001112111                                                200
1 3732936 3312552002551142121 99999992552202091611533                        200
2 3782936 3312552002551143221 99999992002552001421133                        200
1 3663936 3312552002551141211 93699992559972551142221 93699992559972091699993200
1 3803936 3312552002551141211 99999992552112551142221 99999992552112091611993200
1 3722936 3312552002551142121 99999992552112091611533                        200
1 3792936 3312552002551142421 99999992553982251212161                        200
1 3832936 3312552002551141211 99999992552202091611553                        200
1 3692936 3312552002551142421 99999992552209941611313                        200
1 3812936 3312552002551141111 936 3 72552209941211453                        200
1 3743936 3312552002551141211 99999992552202551142221 99999992552202091611993200
1 3772936 3312552002551142221 99999992552002551421133                        200
2 3892936 4 12552002001143321 99999992009982091611131                        200
1 3882936 4 12552002001142321 99999992552209941611993                        200
1 3921936 4 22552002001112111                                                200
3 4052936 4 22552002001642121 99999992552209941611993                        200
3 4062936 4 22552002001141213 99999992009982091211131                        200
1 4191936 4 32552002001112111                                                200
3 4253936 4 42559992551141113 936 4 22002112001142421 99999992002552091211533200
3 4263936 4 42559992551141113 936 4 22002202001142421 99999992009982091211131200
3 4243936 4 42559992551141113 936 4 22002202001142421 99999992002552091211533200
3 4273936 4 42559992551141113 936 4 22002112001142421 99999992009982091211131200
1 4781936 5142552002551112111                                                200
3 4832936 5232552002551142121 99999992552002551612991                        200
1 4871936 5302552002001212111                                                200
3 4891936 6 42552002001512111                                                200
2 5952936 7312552002551143221 93699992002552091112111                        200
1 5922936 7312552002551142221 93610992559972091212121                        200
3 6021936 8242552002551211353                                                200
1 6091936 9 42552002551112111                                                200
3 6272936 9142552002551141213 93610992559972001212121                        200
2 6283936 9142552002551143121 936 9992009972001143121 93610999972552001612121200
1 650193610122552002001112111                                                200
1 667293610152552002551141211 99999992009982091112521                        200
3 671293610152552002551642121 99999992553652091112521                        200
1 674393610152552002551141211 99999992559982091142421 99999999982552091212142200
1 669293610152552002551141211 99999992559982091112521                        200
1 672393610152552002551141211 99999992009982091142421 99999999982002091212142200
1 749193611 32552002551112111                                                200
3 1471936 3 82552119941211353                                                211
1 3763936 3312552002551141211 99999992112552111142221 99999992112552091611993211
1 3712936 3312552002551141211 99999992112552111611313                        211
3 4072936 4 22552002001141213 99999992119982091211131                        211
3 4313936 4 42559992551141113 936 4 22112002111142421 99999992119982091211131211
3 4303936 4 42559992551141113 936 4 22112002111142421 99999992112552091211533211
3 4651936 4212552119941211133                                                211
1 5932936 7312552112551142221 93610992559972091212121                        211
2 5962936 7312552112551143221 93699992112552091112111                        211
3 6002936 8212559992551141213 936 8232112552111112719                        211
1 666393610152559992551141111 93610142119992111642421 99999992112552091211533211
1 665293610152559992551141111 93610142119992111112362                        211
3 751193612 12552119941211313                                                211
1  122936 1162552202551142121 99999992552209941611453                        220
1  152936 1162552202551142121 99999992559972091212111                        220
1  112936 1162552202551142121 99999992559979941612533                        220
3  342936 2212559992551141113 935 5 22203652201112521                        220
3  362936 2212559992551141113 935 5 22202552201112533                        220
1  501936 3 22552202551112111                                                220
1  513936 3 22552202551142121 99999992552202091143121 99999992202552091299991220
1  872936 3 72552202551141211 99999992552202091212121                        220
3  662936 3 72559972551141113 935 5 22202552201112533                        220
1  882936 3 72552202551141211 99999992552112091212121                        220
3  692936 3 72559992551141113 935 5 22203652201112521                        220
1  782936 3 72552202551141111 936 3 72552209941211453                        220
3  812936 3 72552202551141113 935 5 22202552201112533                        220
3  652936 3 72559972551141113 935 5 22203652201112521                        220
2  843936 3 72552202551143221 99999992202552201142222 99999992202552091611993220
3  792936 3 72552202551141113 935 5 22203652201112521                        220
3  631936 3 72552209941211453                                                220
1  852936 3 72552202551142421 99999992552112091611993                        220
1  822936 3 72552202551141211 99999992553982251212161                        220
1  862936 3 72552202551141211 99999992552002551421133                        220
1  832936 3 72552202551142221 99999992552202091611993                        220
3  712936 3 72559992551141113 935 5 22202552201112533                        220
3 1461936 3 82552209941211353                                                220
3 1611936 3 92552202201111443                                                220
3 1732936 3102559992551141113 935 5 22203652201112521                        220
3 2993936 3192559992551141113 936 3192202002001142121 99999992202002091211131220
3 2812936 3192553982001141113 935 5 22203652201112521                        220
3 3322936 3242552002001141113 935 5 22202552201112533                        220
3 3312936 3242552002001141113 935 5 22203652201112521                        220
3 3822936 3312552002551141113 935 5 22202552201112533                        220
1 3702936 3312552002551141211 99999992202552201611313                        220
1 3753936 3312552002551141211 99999992202552201142221 99999992202552091611993220
3 4082936 4 22552002001141213 99999992209982091211131                        220
3 4293936 4 42559992551141113 936 4 22202002201142421 99999992209982091211131220
3 4283936 4 42559992551141113 936 4 22202002201142421 99999992202552091211533220
3 4321936 4 72552209941211313                                                220
1 4413936 4 82559992551141211 99999992202552201142221 99999992202552091611993220
3 4641936 4212552209941211133                                                220
1 5143936 6242559992551141111 936 6232209992201141211 99999992559982091299991220
2 5972936 7312552202551143221 93699992202552091112111                        220
1 5942936 7312552202551142221 93610992559972091212121                        220
3 6011936 8242552202551321133                                                220
1 6042936 8252552202551141111 936 8242552202551211353                        220
1 673393610152552002551141211 99999992209982091142421 99999999982202091212142220
1 668293610152552002551141211 99999992209982091112521                        220
3 682193610172552209941311313                                                220
3 750193612 12552209941311313                                                220
1 761393612 52559992551141111 93612 42209992201141211 99999992202552091112521220
1 773293612262559992551141211 99999992202554091132111                        220
1  482936 3 22553252551142121 99999992553053051699993                        325
1 1551936 3 92553253251112111                                                325
1 4991936 6162553253251112111                                                325
1 6082936 8312559992551141211 99999993252552551999991                        325
1 670293610152552002551141211 99999993259982091112521                        325
1 675393610152552002551141211 99999993259982091142421 99999999983252091212142325
1 690193610202553252551212111                                                325
1 703293610242553252551142122 99999992553253251999991                        325
1 700193610242553252551112521                                                325
1 706293610242559992551141111 93699993255305301111643                        325
1 702393610242553252551142121 99999992559992551141111 93699993255305301111643325
3 708193610252553252551512111                                                325
1 733393611 22559992551141111 93611 13259993251141211 99999992009982091112521325
1 732393611 22559992551141111 93611 13259993251141211 99999992209982091112521325
1 734393611 22559992551141111 93611 13259993251141211 99999993983982251512161325
1 730393611 22559992551141111 93611 13259993251141211 99999993259982091112521325
1 731393611 22559992551141111 93611 13259993251141211 99999992559982091112521325
1 763193612122553252091123171                                                325
3   32936 1132559992551141113 936 1103652553651321133                        365
3  352936 2212559992551141113 935 5 23652202201112521                        365
3  672936 3 72559972551141113 935 5 23652202201112521                        365
3  702936 3 72559992551141113 935 5 23652202201112521                        365
3  802936 3 72552202551141113 935 5 23652202201112521                        365
3 1742936 3102559992551141113 935 5 23652202201112521                        365
3 2822936 3192553982001141113 935 5 23652202201112521                        365
3 3302936 3242552002001141113 935 5 23652202201112521                        365
3 6031936 8242553652551211353                                                365
3 2832936 3192553982001141213 99999993912552101212142                        391
2 3282936 3242552002001642121 99999993912202101212142                        391
2 3272936 3242552002001642121 99999993912552101212142                        391
2 3532936 3262559992551642121 99999993912552101212142                        391
2 2392936 3152553982551143211 936 3163982552001112121                        398
1 2382936 3152553982551142211 936 3162553982001112111                        398
1 2502936 3172553982551142111 936 3182553982001112111                        398
3 2863936 3192553982001141113 936 3193989992001141113 936 3 72559979941112533398
1 2781936 3192553982001112111                                                398
1 2802936 3192553982001141111 936 3 72552209941211453                        398
3 2873936 3192553982001141113 936 3193989992001141113 936 3 72552209941211453398
3 2982936 3192559992551642121 99999993982552551132141                        398
3 3252936 3242552002001642121 99999993982552551132141                        398
3 4383936 4 82559992551141213 99999993989982251142121 99999999989992091212342398
3 4423936 4 92559992551141213 99999993989982251142121 99999999989992091612342398
3   23936 1112559992551141113 99999999972559991642121 99999992559999941321133997
1  142936 1162552202551141211 99999999972559941132111                        997
3  132936 1162552202551141113 92510169972552551132141                        997
1  642936 3 72559972551141111 936 3 72552209941211453                        997
1 3653936 3312552002551141211 93699999972552091142221 93699999972552091699993997
1 3642936 3312552002551141211 93699999972552091212121                        997
1 3682936 3312552002551141211 99999999982202201212152                        998
1 3672936 3312552002551141211 99999999982552551212152                        998
1 5631936 7212559982001112111                                                998
1 722193610312559982201112111                                                998
1   52936 1152559992551141211 99999992559992551991993                        999
1   42936 1152559992551141211 99999992559992091699993                        999
1  232936 1302559992551141211 99999992559992091611993                        999
1  242936 1302559992551141211 99999992559992551991993                        999
1  282936 2 92559992551142421 93699992559979941612533                        999
4  272936 2 92559992551141114 93699992552209941211453                        999
1  372936 2252559992551141211 99999992559992091611993                        999
3  392936 2252559992551141213 99999999992552559299993                        999
1  382936 2252559992551141211 99999992559992551991993                        999
1  422936 2282559992551142122 99999992552202091299991                        999
1  772936 3 72559992551141211 99999992552112091212121                        999
1  682936 3 72559992551141111 936 3 72552209941211453                        999
1  762936 3 72559992551141211 99999992552202091212121                        999
1  742936 3 72559992551142421 99999992552112091611993                        999
1  732936 3 72559992551142421 99999992552202091611993                        999
1  752936 3 72559992551141211 99999992552002551421133                        999
1  722936 3 72559992551141211 99999992553982251212161                        999
3 1432936 3 82559992551141213 99999999992552551211533                        999
1 1442936 3 82559992551141111 936 3 72552209941211453                        999
1 1422936 3 82559992551141211 99999992559992091611533                        999
1 1672936 3102559992551142121 99999992552209941611993                        999
1 1722936 3102559992551141111 936 3 72552209941211453                        999
1 1752936 3102559992551141211 99999999992552091699993                        999
1 2002936 3122559992551142121 99999992552902901611553                        999
1 1972936 3122559992551141211 99999992552202091611993                        999
1 1992936 3122559992551142121 99999992553153151611553                        999
3 1962936 3122559992551642121 99999992552209941211521                        999
1 1982936 3122559992551142121 99999992552202201611993                        999
1 2192936 3132559992551142121 99999992552202091611533                        999
3 2331936 3142559992551642411 936 3162553982001112111                        999
1 2352936 3142559992551141111 99999992552209941611313                        999
1 2342936 3142559992551141211 99999992552202091299991                        999
3 2222936 3142559992551142121 99999992559992551211133                        999
1 2452936 3162559992551141211 99999992552202091299991                        999
3 2442936 3162552202551141213 99999999992552551299993                        999
3 3032936 3202559992551642121 99999992552209941211521                        999
1 3132936 3222559992551141111 99999992559992091699993                        999
3 3122936 3222559992551642121 99999992552209941211521                        999
1 3342936 3242559992551141211 99999992559992091699993                        999
3 3352936 3242559992551141213 99999999992552551199993                        999
2 3262936 3242559992001642121 99999999992559941211212                        999
1 3562936 3272559992551141111 99999992552202201611553                        999
1 3572936 3272559992551141111 936 3 72552209941211453                        999
3 3582936 3272559992551642121 99999992552209941211521                        999
1 3842936 3312552002551642122 99999999992552559999993                        999
1 4403936 4 82559992551141211 99999992552202551142221 99999992552202091611993999
3 4393936 4 82559992551141213 99999999999992091142121 99999999999992091611993999
3 4433936 4 92559992551141213 99999999999992091142121 99999999999992091611993999
1 4982936 6142559992551141111 936 3 72552209941211453                        999
1 5982936 8 62559992551141211 99999992559992091611533                        999
1 5992936 8 62559992551141211 99999999993982251512161                        999
1 6122936 9 52559992551141111 936 8242552002551211353                        999
1 6112936 9 52559992551141111 936 8242553652551211353                        999
1 6132936 9 52559992551141111 936 8242552202551211353                        999
1 6152936 9 82559992551141111 936 3 72552209941211453                        999
1 6162936 9 82559992551141111 936 8242552002551211353                        999
1 6172936 9 82559992551141111 936 8242552202551211353                        999
1 6182936 9 82559992551141111 936 8242553652551211353                        999
1 6202936 9 92559992551141211 99999992559992091611533                        999
1 768293612152559992551642122 99999999992552551999993                        999
1 1121936 3 73252002001112111                                                200
1 1581936 3 93252003251112111                                                200
2 6303936 9153252003251143121 936 9992009972001143121 93610999972552001612121200
1 687193610193252003251112111                                                200
1 685293610193252003251142121 99999993259972092212121                        200
1 686293610193252003251142121 99999993252552092212121                        200
1 728293611 13259993251141211 99999992009982091112521                        200
3 5332936 7113252113251642421 936 7703259972111212111                        211
3  522936 3 33252203251142421 99999993259972091699991                        220
1  971936 3 73252202201112111                                                220
1 1352936 3 83252202201142221 99999993259972091612533                        220
2 1363936 3 83252202201143321 99999992203982251143121 99999993983252251699993220
1 1561936 3 93252203251112111                                                220
1 3551936 3263252203251112111                                                220
1 4482936 4103252202251642121 99999993252552551423151                        220
3 4902936 6 83252203251142321 99999993253982251512161                        220
2 4923936 6 83252203251143321 99999992203982251141211 99999999993253251323151220
1 4932936 6 83259993251141211 99999992203252091699993                        220
1 4912936 6 83252203251142321 99999993252552091112511                        220
1 4941936 6103252202201112111                                                220
1 5243936 7 43252202201142221 99999993252203251142421 99999993252552091211533220
2 5262936 7 43252202201143221 99999992202002201112533                        220
2 5253936 7 43252202201143221 99999992202002201642421 99999992202002201131121220
1 727293611 13259993251141211 99999992209982091112521                        220
1 1541936 3 93252553251112111                                                255
1 5001936 6163252553251112111                                                255
1 5352936 7113259993251141211 936 7702559972111212111                        255
1 5342936 7113252113251142421 936 7702559972111212111                        255
3 6292936 9153252003251141213 93610992559972001212121                        255
1 689193610203252552551212111                                                255
1 705293610243252552551142121 99999993252555301133111                        255
1 704293610243252552551142122 99999993252552551999991                        255
1 701393610243252552551142121 99999993252203251143121 99999992202552091112521255
1 699193610243252552551112521                                                255
3 707193610253252552551512111                                                255
1 726293611 13259993251141211 99999992559982091112521                        255
1 764193612123252552091133121                                                255
1 765193612123252555301133111                                                255
3  533936 3 33252203251141213 99999993989992251143121 99999999993253251423151398
1 729293611 13259993251141211 99999993983982251512161                        398
3 2212936 3133259972001142421 99999993252552091211533                        997
1 5892936 7293252203251141211 99999999972552091212121                        997
1 5902936 7313259973251142121 99999993259972092212121                        997
1 5912936 7313259973251142121 99999993252552092212121                        997
1 5641936 7213259982001112111                                                998
1 723193610313259982201112111                                                998
3 5322936 7113259993251642421 936 7703259972111212111                        999
1 697293610243259993251141211 99999993259992091611533                        999
3 698293610243259993251142422 99999993259992091211993                        999
1 709293610253259993251141211 99999993252552091999991                        999
1 710293610253259993251141211 99999993259992091611993                        999
1 725293611 13259993251141211 99999993259982091112521                        999
3 681293610173659993651141113 93610142119992111112362                        211
3 680393610173659993651141113 93610142119992111642421 99999992112552091211533211
1  911936 3 73652202201112111                                                220
1  922936 3 73652202201142122 99999993652202201999991                        220
1  932936 3 73652202201141211 936 3 72202552091299993                        220
1 3601936 3273652202201112111                                                220
1 4811936 5223652202201112111                                                220
3 762293612 53652203651142421 99999993652552091211533                        220
3   11936 1103652553651321133                                                255
3 2573936 3173653982001141113 936 3 72559992551142421 99999992552202091611993255
3 2552936 3173653982001141113 936 3 72559979941112533                        255
3 2583936 3173653982001141113 936 3 72559992551142421 99999992552112091611993255
3 2563936 3173653982001141113 936 3 72559992551141211 99999992553982251212161255
1 3022936 3193659992001141211 99999992552202091112521                        255
1 3012936 3193659992001141211 99999992553652091112521                        255
3 3162936 3233659993651141113 936 3 72552209941211453                        255
3 4972936 6123652003651141213 99999992559992091211993                        255
3 6062936 8253659992201141113 936 8242553652551211353                        255
3 6191936 9 93652553651211313                                                255
1 646193610 33652553651511313                                                255
1 2203936 3133652202001141211 99999993982552251642121 99999992553982251212161398
3 2313936 3143653982001141213 936 3143982552001143111 936 3162553982001112111398
3 3142936 3233659993651142421 99999993652552091211533                        999
1 3152936 3233659993651642121 99999993652202091112533                        999
3 743293611263659993651142421 99999993652552091211533                        999
2 1532936 3 93982552251143111 936 3132553982251112111                        255
2 2322936 3143982552001143111 936 3162553982001112111                        255
3 2422936 3163982552001642111 936 3163982552001112121                        255
1 2432936 3163982552001142111 936 3163982552001112121                        255
3 2842936 3193989992001141113 936 3 72559979941112533                        255
3 2852936 3193989992001141113 936 3 72552209941211453                        255
1 2791936 3193982552001112111                                                255
1 2231936 3143983982001212111                                                398
3 3331936 3243983982001512111                                                398
1 4771936 4993983982251212111                                                398
3 4751936 5133983982251512111                                                398
1 4762936 5133983982251142111 936 6163983982251212111                        398
1 5181936 6303983982251212111                                                398
3 5281936 7 43983982251512111                                                398
1 1412936 3 83989992251142111 936 3133983982251212111                        999
3 1712936 3103989992251142111 936 3133983982251612111                        999
1 1702936 3103989992251142111 936 3143983982001212111                        999
3 2103936 3129972552001141113 936 3122552002001142121 99999992552209941611313255
3 2062936 3129979992001141113 936 3 72559979941112533                        255
3 2072936 3129979992001141113 936 3 72552209941211453                        255
2 2933936 3199972552001143121 99999992553982551142121 99999993982552551132141255
2 2943936 3199972552001143121 99999992559992551142121 99999999992559941211212255
2 2953936 3199972552001143121 99999992553912551142121 99999993912552101212142255
2 2963936 3199972552001143121 99999992553912551142121 99999993912202101212142255
2 2972936 3199972552001143121 99999992553912101212111                        255
3 4493936 4109979992251141113 99999992559972551642122 99999992552202091699993255
1 2683936 3199979972001142121 99999999973912001143121 99999993912552101212142391
1 2693936 3199979972001142121 99999999973912001143121 99999993912202101212142391
2 2902936 3199973912001143121 99999993912552101212142                        391
2 2912936 3199973912001143121 99999993912552101212142                        391
1 2092936 3129979992001141211 93699993982202001212142                        398
1 2082936 3129979992001141211 93699993982552001212142                        398
2 2882936 3199973982001143121 99999993982552551132141                        398
1 2703936 3199979972001142111 936 3199973982001143121 99999993982552551132141398
1 1872936 3109979972201142111 936 3129979972001212111                        997
1 1761936 3109979972201112111                                                997
1 2051936 3129979972001212111                                                997
1 2761936 3199979972001112511                                                997
3 2771936 3199979972001512111                                                997
1 4441936 4109979972251112111                                                997
2 2892936 3199979992001143121 99999999992559941211212                        999
2 2922936 3199979992001143121 936 5999999992091212111                        999
1 2713936 3199979972001142111 936 3199979992001143121 99999999992559941211212999
