3   12889 8152002352001141123 99999992355535531132132                        235
3   22889 8162009992001141113 88999992355535531132132                        235
2 1252889 8192002352351143121 99999992359959951611553                        235
1 1212889 9222002355531141111 28899992352005531133131                        235
3 122288910 92002352351141113 889 9992355535531111673                        235
3   8288910172002352351142222 99999992002359991299993                        235
2   7288910232002352351143321 88999992355535531632132                        235
1   9188910262002352351112631                                                235
3  11188911 82002355411114113                                                235
2 118388911132002352351143121 99999992352002351141112 99999992359995531999999235
3 116388911132002352351141913 99999992355535531142121 99999992355535531611523235
3 111288911252002352351642221 99999992002359991112521                        235
3  19288911262002352001141113 88999992352004091212993                        235
3  17288911262002352001141113 88911102355525521132132                        235
2  27288912182002352001143121 99999992352005531611523                        235
2 109288912192002352351143121 99999992352005531611523                        235
2  29388912202002352001143121 99999992352002351142121 99999992355525521632132235
1  41188912252002352351112111                                                235
3  43188912272002351741211313                                                235
3  44188912292002351711211313                                                235
3 1051890 1 22002359991111353                                                235
3  492890 1 22002352001141113 88912262355535531132132                        235
3  502890 1 62002352001142311 890 1 82002352351512161                        235
2  523890 1 62002352001143311 890 1 82352002351142121 99999992355525521632132235
2  513890 1 62002352001143311 890 1 82352002351142121 99999992355535531632132235
3  531890 1 72002351721211313                                                235
2  673890 1102002352001143311 890 1122355535531532132                        235
2  683890 1102002352001143311 890 1122352002351142121 99999992355525521632132235
3  692890 1102002352001142311 890 1122002352351512161                        235
1  653890 1102009992001141111 890 1 92352002351143321 890 1702002352091212121235
1  643890 1102009992001141111 890 1 92352002351142221 99999992354094091632132235
3 1042890 1102002352001142311 890 1122002352001211993                        235
1  663890 1102009992001141111 890 1 92352002351141211 99999992352002091112521235
3  912890 1282002352001141113 88999992352004091211553                        235
3  942890 1282002352001141113 88999992355525521212213                        235
3  932890 1282002352001141113 88999992355535531212213                        235
3  922890 1282002352001141113 88910 72355415411112213                        235
1  981890 2 82002352351112121                                                235
2  32188912202005415411132132                                                541
2   31889 9212005525521132142                                                552
2  582890 1 92009992001642121 99999999992002091212142                        999
3  952890 1282002352001141213 89099999992002091212142                        999
1 1242889 8202352002351642122 99999992352005531111523                        200
3  14288911122359992351141113 88911 82002355411114113                        200
1  15288911132352002351141211 99999992352002091112521                        200
1 117288911132352002351142212 99999992355535531611523                        200
3 114288911132352002351141113 99999992002352001112999                        200
3  16188911172352005531111993                                                200
2 112288911252352002351143121 99999992352009991212121                        200
2  21288912 32359992351642121 99999992005525521132142                        200
3  22288912 42352002001141113 889 9212005525521132142                        200
3  24288912 42352002001141113 88999992002354091212993                        200
3  23288912 42352002001141113 88999992002354091214113                        200
1 110288912 52352002351141111 99999992359999951132132                        200
3  26288912152359992351141113 889 7992002354091214113                        200
2  25288912152359992351642121 99999992005535531132142                        200
4 108288912192352002351141114 99999992352005531111523                        200
3  28188912192352005411321133                                                200
4  36288912232352002351141114 88911 72352005411111523                        200
1  37288912232352002351142121 99999992352004091611523                        200
4  35288912232352002351141114 88999992352004091299993                        200
1  40188912252352002351112111                                                200
3  46188912312352005411211313                                                200
1  542890 1 82352002351141211 890 1702352002091112521                        200
1  552890 1 82352002351142121 99999992352004091611993                        200
2  603890 1 92352002351143321 890 1 92002352001142111 89099992355525521132132200
2  622890 1 92352002351143321 890 1702002352091212121                        200
2  613890 1 92352002351143321 890 1 92002352001142111 89099992355535531132132200
2  592890 1 92352002351142221 99999992354094091632132                        200
1  632890 1 92352002351141211 890 1702352002091112521                        200
2  712890 1122352002351142121 89099992355535531632132                        200
2 1302890 1122352002351142121 89099992355535531531132                        200
3  701890 1122352002351114223                                                200
2  722890 1122352002351142121 89099992355525521632132                        200
3  731890 1132352002351114213                                                200
3  742890 1132352002351141113 890 1122352002351114223                        200
3  771890 1142352002351114213                                                200
3  793890 1142359982351141113 890 1112002352001142311 890 1122002352351512161200
3  781890 1142352002351114223                                                200
3  811890 1152352002351114213                                                200
3  822890 1172352552551141113 890 1112002352001112533                        200
3  831890 1172352002351114213                                                200
3  841890 1182352002351114213                                                200
3  851890 1202352002351114213                                                200
3  881890 1212352002351114213                                                200
3  891890 1252352002001423151                                                200
3  961890 2 72352002351114223                                                200
1  971890 2 82352002351112121                                                200
3 1001890 2112352002351211313                                                200
3  991890 2112352002351321133                                                200
3 1011890 2112352005411311313                                                200
3 1021890 2112352002351114213                                                200
3 1031890 2132352002351114213                                                200
2  562890 1 92353283281143121 890 1703282002091212142                        328
2  572890 1 92353283281143121 890 1703282352091212142                        328
3   5188910 72355415411112213                                                541
3   6288910152359992351141113 88910 75412005411114251                        541
2  13188911102355525521132132                                                552
3 1232889 8202355532351142221 99999992355535531211533                        553
3 1202889 9992355535531111673                                                553
3 119188912182355535531111553                                                553
2  42188912262355535531132132                                                553
1  31288912202359992351141211 99999999982352091212142                        998
1  30288912202359992351141211 99999999982002091212142                        998
4  802890 1142359982351141114 88999992352004091211993                        998
1  12288911 92359992351141211 88999992355525521132132                        999
1  20388911272359992351142121 88999992352002351141111 88911102355525521132132999
1  38288912232359992351142421 99999992352004091323151                        999
1  39288912232359992351141211 99999992352009991712991                        999
1  473890 1 22359992351141111 88912 32352002351642121 99999992005525521132142999
1  483890 1 22359992351141111 88912152352002351642121 99999992005535531132142999
1  762890 1132359992351141211 89099992352002091112521                        999
1  752890 1132359992351141111 89099992352002091619993                        999
3  863890 1202359992351141213 89099992352002351142121 99999992355525521632132999
3  873890 1202359992351141213 89099992352002351142121 99999992355535531632132999
1  34288912182552002551142122 99999992552009991999991                        200
2  33288912182552002551143122 99999992002359991699993                        200
1   4188910 75412005411114251                                                200
3  10188911 85412355411114123                                                235
2  903890 1279982002001143121 89099992009992001142121 89099999992002091212142200
