1  771911 7 32002202001112111                                                220
1  892911 7 42002202001142121 91199992009989991212121                        220
1  872911 7 42002202001642121 99999992009986001112533                        220
1  862911 7 42002202001642121 99999992002556001211313                        220
2  882911 7 42002202001143121 91199992209989991212121                        220
2 1262911 7 92002202201141212 99999992202554841132111                        220
1 1531911 7202002202001111131                                                220
1 1902911 7262009992001141221 99999992202554841132111                        220
1 1972911 7272009992001141211 91199992202552551112521                        220
1 1992911 7272009992001142121 99999992202554841132111                        220
2 2112911 7312002552551141212 99999992202554841132111                        220
2 2252911 8162002202001143121 99999992202556001611313                        220
2 2232911 8162002202201143421 99999999989982091212121                        220
3 2322911 8212002202201141213 99999992202556002211313                        220
1 2332911 8212002202201642121 99999992002556002211313                        220
2 2772911 9 42002202201142121 99999992002209991212152                        220
1 345291111112002202001141111 91111 42202552551112521                        220
2   82911 6112002302301143421 99999992306006001611993                        230
2   93911 6112002302301143121 911 6992302002301141119 911 6602306006001211653230
2  272911 6152002302001143121 99999992309986001612533                        230
3  252911 6152002302001141113 911 6152306006001711653                        230
2  262911 6152002302001642221 99999992306006001132142                        230
2  433911 6242002302301143121 91199992302002001141219 91199992306006009999999230
1  912911 7 42002202001142121 91199992309989991212121                        230
1 1921911 7262002302001112111                                                230
3 2941911 1112002552001111313                                                255
2   33911 6 12002552001143121 911 6992552002001141219 99999992206006001511653255
1  902911 7 42002202001142121 91199992559989991212121                        255
2 1063911 7 42002302001141112 911 6992552202551642221 99999992552209999999993255
2 1073911 7 42002302001141112 911 6992552202551143321 99999992202552202212121255
1  932911 7 52002552001142121 91199992009989991212121                        255
3  942911 7 52002552001141213 99999992556006001131131                        255
2 1272911 7 92002202201642121 99999992556006001132142                        255
1 1601911 7212002552001212111                                                255
3 1632911 7212002552001142421 99999992002552091211533                        255
4 1872911 7242002552001141214 91199992552202551512121                        255
2 1882911 7242002552001143122 99999992552002559999993                        255
3 1892911 7262009992001141223 99999992556006001131131                        255
1 1982911 7272009992001141211 91199992552202551112521                        255
1 2002911 7272009992001142121 99999992552204611132111                        255
3 1621911 7282002552001512111                                                255
3 2082911 7302002552001141213 99999992556006001211653                        255
3 2201911 8102002552001112213                                                255
2 2243911 8162002202201141212 99999992552202551142221 99999992552202551211353255
3 2552911 8302002552001141113 911 899255  02551114719                        255
2 2782911 9 42002552551142121 99999992002559991212152                        255
1 346291111112002552001141111 91111 42552202551112521                        255
2 2262911 8162003653651143121 911 8993652003651100000                        365
3 2272911 8162003653651142421 99999992002552092211533                        365
2 1142911 7 62009992001143121 99999992202559991212121                        999
2 1132911 7 62009992001143121 99999992552209991212121                        999
1 2022911 7272009992001142421 99999992009989991212121                        999
4 2012911 7272009992001141114 911 7992009982551912993                        999
1 2432911 8992009992001642121 99999992002552001211313                        999
2 319291110 12009992001143121 91199992202552551112521                        999
2 320291110 32009992001143121 91199992552002551112521                        999
4 322391110 32009992001141114 91199992009992001141213 99999992552202551112521999
4 321391110 32009992001141114 91199992009992001141213 99999992202552551112521999
3 2851911 9 72102201851211313                                                220
3 2841911 9 72102551851211313                                                255
3 2951911 9112102552101211313                                                255
2 3021911 9152109992551112362                                                999
4 3032911 9152109992551141114 911 9992102552101211993                        999
1 2502911 8252112202111142121 91199992112202111511993                        220
1 2492911 8252112552111142121 91199992112552111511993                        255
3 2541911 8282112552111211333                                                255
1  761911 7 32202002001112111                                                200
2  782911 7 32202002201143121 911 7992002556001211313                        200
1 1092911 7 42202559991142121 911 7992002552202212121                        200
1 1521911 7202202002001111131                                                200
2 2132911 8 42202552201141212 911 8122002556002211313                        200
2 2213911 8162202002201143121 911 8992002202201141219 99999992202556002211313200
2 2223911 8162202002201143121 911 8992002202201141219 99999992002556002211313200
2 2313911 8202202002201143121 911 8992002202201141219 99999992002556002211313200
2 2303911 8202202002201143121  11 8992002202201141219 99999992202556002211313200
1 2442911 8252202102101642121 99999992202552091211533                        210
1 2452911 8252202112111642121 99999992202552091211533                        211
3  162911 6 92202302301141213 911 6992306006001311653                        230
3  172911 6 92202302301141213 911 6992306006001312533                        230
3  153911 6 92202302301141113 911 6 92302202201141113 911 6506002306001114719230
2  183911 6102202302301143121 911 6992302202301141219 91199992306006001711653230
3  322911 6212202552551141113 911 6 32309986001112533                        230
2  583911 7 12209992201141112 911 6302302202201642121 99999992306006001311653230
1  591911 7 12202302201112111                                                230
2 1393911 7132202302301143121 911 7992302202301141119 911 7132302206001112213230
2 1433911 7182202302301143121 911 7992302202301141119 911 7702302206001112213230
1 1651911 7182202302301212121                                                230
3 1671911 7312202302301512121                                                230
3 2592911 9 12209992201141123 911 8302306006001311653                        230
1  212911 6112202552551142121 91199992206006001132111                        255
2  232911 6112202552551141212 99999992206006001132142                        255
1  191911 6112202552551112121                                                255
1  242911 6112202552551142121 99999992202559991112521                        255
1  302911 6202202552551212121                                                255
2  333911 6212202552551143121 911 6992559992551141113 911 6 32309986001112533255
2  361911 6212202552201642124 99999992556006001132132                        255
1  342911 6212202552551141111 99999992209986001612533                        255
1  352911 6212202552551141111 909 2 72202552551112521                        255
3  401911 6222202552551512121                                                255
1  642911 7 12202552201142121 911 7992202559991212121                        255
3  662911 7 12202552201141213 99999992556006001211653                        255
3  672911 7 12202552201141113 911 7 12556006001211313                        255
3  652911 7 12202552201141213 99999992556006001311313                        255
1 1082911 7 42202559991142121 911 7992202552202212121                        255
2  922911 7 52202552201143121 911 7992552202201212121                        255
2 1172911 7 72202552201143111 911 7 82552202201212121                        255
1 1232911 7 82202552201142111 911 7 92202552551212121                        255
1 1241911 7 92202552551212121                                                255
2 1453911 7182202002201141112 911 7152552202551143221 99999992202554841132111255
2 1463911 7182202002201141112 911 7152552202551142221 99999992206006001132142255
3 1513911 7192202552551141113 911 7192552202551143221 99999992202554841132111255
3 1702911 7232202552551642121 99999992552204611132111                        255
1 1712911 7232202552551142121 99999992202554841132111                        255
3 2122911 8 42202552201142311 911 8122202556002211313                        255
2 2142911 8 42202552201141212 911 8122552202551112521                        255
4 2173911 8 82202552201141114 911 8 42202552201142311 911 8122202556002211313255
4 2183911 8 82202552201141114 911 8 42202552201142311 911 8122202556002211313255
3 2281911 8172202552551512121                                                255
3 2341911 8212202552201211353                                                255
3 2352911 8212202552201142111 911 9 42209992201111313                        255
3 2393911 8222209992201141113 911 7 92552202551143221 99999992202556841132111255
1 2601911 9 42202552551212121                                                255
1 2632911 9 42202552551142121 99999992202556841132111                        255
3 2661911 9 42202552201111313                                                255
1 2652911 9 42202552551642121 99999992202556001212213                        255
2 2672911 9 42202552201143221 91199992552206001132611                        255
1 2732911 9 52202552201142121 99999992202552551112521                        255
3 2751911 9 52202552201211313                                                255
3 1212911 9 92202552201642121 99999992202552551212121                        255
3 2871911 9 92202552201311313                                                255
2 2923911 9102209992201141112 911 9 72552202551143221 99999992202556841132111255
2 2913911 9102209992201141112 911 9 72552202551143221 99999992202556001623163255
3 2932911 9112202552201642321 99999992202552551112521                        255
3 2761911 9132202552201311313                                                255
1 2971911 9132202552201511313                                                255
3 2983911 9142202552201141113 911 9 72552202551143221 99999992202556001132111255
2 3003911 9142202552201143121 99999992552309991642121 99999992302556001132111255
1 2992911 9142202552201142221 99999992202554841132111                        255
2 3013911 9142202552201143121 99999992552309991642121 99999992302556001132121255
4 3073911 9162209992201141114 99999992552202551643121 99999996002556001132611255
3 3083911 9162209992201141113 911 9992552202551143121 99999996002556001132611255
2 326291110 82202552201143121 91199992552202551112521                        255
1 323291111 22209992201142111 91111 42552202551112521                        255
1 330291111 42202552551142121 99999992202554841132111                        255
1 332291111 42202552551142121 99999992202556001133111                        255
1 335391111 42202552551142121 91111992209989981143121 99999999982209991112521255
1 327191111 42202552551112521                                                255
2 347291111142202552551143121 91111702556006001511313                        255
2 2582911 9 12203652201642121 99999993002209991212142                        300
2  822911 7 32203653651143121 911 7993652552551112111                        365
1  791911 7 32203653651112111                                                365
2 333291111 42202552551142121 99999993912203911212142                        391
360011911 5212206006001211443                                                600
3  441911 6242206006001211653                                                600
4 1182911 7 72209992201141114 99999996002206001132611                        600
3 2622911 9 42202552551642121 99999996002556001132611                        600
3 1542911 7202202002201141213 99999999982556001132111                        998
2 2642911 9 42202552551142121 99999999982209991212152                        998
4 1192911 7 72209992201141114 99999992206006001123111                        999
2 1762911 7242209992201141112 911 7242202552551712121                        999
2 2042911 7282209992201141112 911 7282202552551712121                        999
3 2422911 8182209992201142121 922 9 52202552201211313                        999
3 2402911 8222209992551142421 99999992202556001211533                        999
1 2372911 8222209992201142221 99999992202552551112521                        999
1 2362911 8222209992201142221 911 8282202552551212121                        999
2 2383911 8222209992201143221 99999992552202551142121 99999996002206001132611999
2 3122911 9192209992201141212 91199992202552551112521                        999
2 3143911 9192209992201141112 911 9702202552551143121 99999992559989991112533999
1 3111911 9192209992201141111 911 9192202552551712121                        999
2 3132911 9192209992201141212 91199992202552551113551                        999
1 3182911 9232209992201142121 99999992202552551112521                        999
1 337291111 52209992201141111 91111 42202552551112521                        999
2 1153911 7 62302002001143121 911 7992002302001142121 92099992009989991212121200
1 1911911 7262302002001112111                                                200
1 340391111 82302002301142421 99999992302202201141111 99999992202552551112521200
1 341391111 82302002301142421 99999992302552551141111 99999992552202551112521200
1  102911 6 92302202201141111 911 6 32306006001211653                        220
1  112911 6 92302202201141111 911 6 22306006001311653                        220
1  282911 6172302202201141111 911 6 32306006001211653                        220
1  292911 6172302202201141111 911 6 82306006001311653                        220
1  452911 6302302202201642121 99999992306006001311653                        220
1  601911 7 12302202201112111                                                220
2 1163911 7 62302202201143121 911 7992202302201142121 91199992209989991212121220
3 1401911 7132302206001112213                                                220
2 1443911 7182309992301141112 911 7182202302301141113 911 7702302206001112213220
1 1641911 7182302202301212121                                                220
3 1472911 7192302202201141113 911 7702302206001112213                        220
1 1482911 7192302202201141211 99999992302202201712161                        220
3 1661911 7312302202301512121                                                220
1 1022911 7 42302002001141111 911 7 12556006001211313                        255
2 1033911 7 42302002001141112 99999992559992551142121 99999992559939991112521255
3   41911 6 62306006001211443                                                600
3   71911 6 82306006001311443                                                600
3  122911 6 92302202201141113 911 6506002306001114719                        600
3 2561911 8302306006001311653                                                600
2 1052911 7 42302002001141212 99999999986006001132142                        998
2 1042911 7 42302002001141212 99999999986006001132173                        998
1  132911 6 92309992301141111 911 6 32306006001211653                        999
1  142911 6 92309992301642121 99999992309996001112533                        999
4  492911 7 12309992301141214 99999992306006001311653                        999
4 3103911 9152309992301141114 99999992302559991142121 99999992302556021132121999
2  812911 7 3255  2  21141112 911 7 12556006001211313                          2
1 2682911 9 4255  22551642121 99999992552202091211533                          2
2 2703911 9 4255  22551141212 99999992552202551142121 99999992206006001132142  2
2 1573911 7212552002001141112 911 7 92552202551143221 99999992202554841132111200
2 1563911 7212552002001141112 911 7 12552202551142221 99999992206006001132142200
2 1583911 7212552002001141112 911 7 92552202551142221 99999992552204611132111200
1 1591911 7212552002001212111                                                200
3 1692911 7222559992551141213 91199992002556001211313                        200
3 1853911 7242552002001141113 911 7212009992001142421 99999992002552091211533200
4 1772911 7242552002551141114 99999992556006001211653                        200
3 1951911 7242552001851211313                                                200
3 1802911 7242552002551642121 99999992556006001131131                        200
4 1862911 7242552002001141214 99999992552002559999993                        200
1 1782911 7242552002551642421 99999992556006001211653                        200
3 1832911 7242552002551141113 99999992009992001714719                        200
1 1812911 7242552002551142121 91199992552202551112521                        200
4 1793911 7252552002551141214 99999992552202551143221 99999992202554901132611200
3 2053911 7282552202551141113 922 7212009992001142421 99999992002552091211533200
3 1611911 7282552002001512111                                                200
1 2073911 7292559992551141111 911 7272009992001141211 91199992552202551112521200
1 1961911 7312552001851511313                                                200
2 2103911 7312552002551143121 911 8992002552551141219 99999992202554841132111200
3 3161911 9202552002551112213                                                200
4 325291111 32559992551141114 99999992002552551212993                        200
3   12911 6 12552002001142121 911 6 12206006001911653                        220
2   22911 6 12552002001141212 99999992206006001632111                        220
2   52911 6 72552202201143121 99999992206006001611653                        220
1   62911 6 72552202201141111 99999992206006009999999                        220
2  222911 6112552202551141212 99999992206006001211653                        220
1  201911 6112552202441112121                                                220
160031911 6202552202551212121                                                220
2  373911 6212552202551143121 911 6992202552551141119 911 6 32306006001211653220
3  382911 6212552202551141213 91199992206006001132142                        220
2  393911 6212552202551143121 911 6802202552551142999 91199992202556001112991220
3  411911 6222552202551512121                                                220
1  542911 7 12552202201642121 99999992556006001211653                        220
1  562911 7 12552202201142421 99999992556006001511313                        220
1  532911 7 12552202201141111 911 7 12556006001211313                        220
1  552911 7 12552202201642121 99999992556006001311313                        220
1  572911 7 12552202201642121 99999992552202091211533                        220
3  692911 7 22559992551141113 911 6242206006001211653                        220
3  712911 7 22559992551141113 911 6242209986001112533                        220
1  751911 7 32552202551112121                                                220
1  741911 7 32552202551112121                                                220
3 1112911 7 42552209991642121 99999992552002552212121                        220
1 1102911 7 42552209991142121 911 7992552202551212121                        220
3  992911 7 52553652551141113 99999992206006001211653                        220
2 1202911 7 72552202201143121 911 7602202552551212121                        220
2 1222911 7 82552202201143121 911 7602202552551212121                        220
1 1322911 7 92552202551142221 99999992552204611132111                        220
2 1312911 7 92552202551143221 99999992202554841132111                        220
1 1251911 7 92552202551212121                                                220
2 1302911 7 92552202551142221 99999992206006001132142                        220
3 1292911 7 92552202551141113 911 6992202556001112533                        220
1 1282911 7 92552202551141111 911 7 12556006001211313                        220
2 1422911 7152552202551143121 99999992202554841132111                        220
2 1502911 7192552202551142221 99999992202556001132142                        220
2 1492911 7192552202551143221 99999992202554841132111                        220
3 1551911 7202552202551141113 911 7992202552201114999                        220
2 1742911 7232552202551142221 99999992202556001132142                        220
2 1722911 7232552202551143221 99999992202554841132111                        220
1 1732911 7232552202551142221 99999992552204611132111                        220
4 1753911 7232552202551141214 91199992552202551143221 99999992202554901132611220
3 1931911 7242552202551211313                                                220
2 1822911 7242552002551141212 99999992209986001612533                        220
3 1842911 7242552002551141113 99999992209992201714719                        220
1 2062911 7282552202551141111 91199992209992201714719                        220
1 1941911 7302552202551511313                                                220
3 2152911 8 52552202201142311 911 8122552202201512161                        220
2 2163911 8 52552202201143311 911 8122202552201642121 99999992202556001211313220
3 2291911 8172552202551512121                                                220
3 2471911 8252552202551111313                                                220
372461911 8252552202551142221 91199992552209991211533                        220
3 2461911 8252552202551221133                                                220
2 2722911 9 4255  22551141212 99999992202556841132111                        220
1 2611911 9 42552202551212121                                                220
2 2712911 9 4255  22551141212 99999992202556001323151                        220
3 2741911 9 52552202551111313                                                220
2 2812911 9 72552202551143221 99999992202556001623163                        220
2 2822911 9 72552202551143221 99999992202556841132111                        220
3 2861911 9 82552202551211993                                                220
3 2961911 9112552202551211313                                                220
1 3091911 9152552202551511313                                                220
1 3172911 9222559992551141121 99999992202552551112521                        220
1 331291111 42552202551142121 99999992552204611132111                        220
1 336391111 42552202551142121 91111992559989981143121 99999999982559991112521220
1 328191111 42552202551112521                                                220
2 329291111 42552202551142121 99999992206006001132142                        220
1 344291111 92559992551141211 99999992202554841132111                        220
3  702911 7 22559992551141113 911 6 32309986001112533                        230
3  682911 7 22559992551141113 911 6 32306006001211653                        230
2  623911 7 12553002551143121 911 7993009993001141111 911 7 12556006001211313300
1  612911 7 12553002551141111 911 7 12556006001211313                        300
1  951911 7 52553652551112111                                                365
1 1012911 7 52553652551142121 911 7992552209991212121                        365
1 334291111 42552202551142121 99999993912553911212141                        391
3  472911 7 12556006001211313 911 7 12556006001211313                        600
1  502911 7 12556006001141111 911 7 12556006001211313                        600
1  512911 7 12556006001142421 99999992556006001511313                        600
3  461911 7 12556006001211313                                                600
3  841911 7 42556006001311313                                                600
1 1002911 7 52553652551642121 99999996002556001114993                        600
3 1411911 7132556006001311313                                                600
1 348191111282556006001511313                                                600
1 2032911 7252559992551141221 91199999989982091212121                        998
1  482911 7 12559992551642121 99999992556006001211993                        999
1  732911 7 22559992551142421 91199992556006001511313                        999
1  722911 7 22559992551141111 911 7 12556006001211313                        999
1 1682911 7222559992551141121 911 7222552202551712121                        999
2 2092911 7312559992551141112 911 7312552202551712121                        999
3 2192911 8 92559992551142111 911 8262552202551211313                        999
1 2412911 8222559992551142121 99999992552202551112521                        999
3 2482911 8252559992551142421 99999992552202091211533                        999
1 2531911 8272559992551141211 99999992559992551321133                        999
1 2832911 9 72559992551642121 99999992552202091211533                        999
2 3052911 9162559992551143121 99999996002206001632611                        999
2 3042911 9162559992551141222 91199992552202551112521                        999
3 3063911 9162559992551642121 99999992552202551143121 99999996002556001132611999
2 3152911 9192559992551141112 911 9192552202551712121                        999
1 324291111 32559992551141211 91111 42552202551112521                        999
4 342391111 92559992551141114 91199992552202551143121 99999992202556001132111999
2 2882911 9 93002203001143121 99999992202552091611533                        220
2 2902911 9103002202201143121 99999992202552441112521                        220
2 2893911 9103002202201143121 99999992206006001643121 99999996002206001132611220
2  853911 7 43002203001141112 99999992553003001641212 911 7 12556006001211313255
1  632911 7 13002553001141211 99999996009996001632611                        600
3  522911 7 13252553251142121 91199992206006001711653                        220
360021911 7 23552206001211313                                                220
1  801911 7 33652203651112111                                                220
1  832911 7 33652203651142121 911 7993652552551112111                        220
2 2513911 8253652202201143121 99999992203652201142421 99999993002209991212142220
3 2522911 8253652202201141213 99999992202552091211533                        220
2 2573911 9 13652202201143121 99999992203652201142421 99999993002209991212142220
2 2792911 9 43652202201142121 99999993652209991212152                        220
1 338291111 63652203651141111 91111 42202552551112521                        220
1  961911 7 53652552551112111                                                255
2  973911 7 53652553651143121 911 7 52553652551141119 911 7 12556006001211313255
1  982911 7 53652552551142121 91199992552209991212121                        255
1 339291111 63652553651141111 91111 42552202551112521                        255
2 2802911 9 43652552551142121 99999992652552551212152                        265
1 1352911 7106009992201141111 911 6242206006001211653                        220
2 1372911 7106009992201141112 911 7102202552551712121                        220
3 1342911 7106009992201141113 911 6 32306006001211653                        230
2 1382911 7106009992201141112 911 7102552202551712121                        255
3 1332911 7106009992201141113 911 7 12556006001211313                        255
2 1363911 7106009992201141112 911 6996002202201143121 911 6992206006001211653999
