1 1321961 6 5  22002001212111                                                200
1  161961 6 5  22002001212111                                                200
3 1341961 6 6  22002001512111                                                200
3  181961 6 6  22002001512111                                                200
1  191961 614  2200  21212111                                                200
3  211961 618  2200  21512111                                                200
1 2901961 827  22009991112521                                                200
1 2923961 827  22009991142121 9999999  23659992143121 99999993659989991212121200
1 1131961 531  22202201212111                                                220
1 1171961 6 1  22202201112521                                                220
1 1202961 6 1  22202201142121 9999999  22552579999991                        220
3 1151961 6 2  22202201512111                                                220
1   32961 6 8  2999  21141211 961 6 82552552571212719                        255
1 1392961 6 9  2365  21141211 961 6162552552571212719                        255
2   52961 614  2255  21143111 961 6162552552571612719                        255
1 2671961 819  22552571212991                                                255
3 2681961 826  22552571512991                                                255
1 3592961 922  22552551141211 99999992552659991212111                        255
1 3622961 923  2255  21142121 9999999  22552571911991                        255
2 381396110 5  2255  21141212 99999992552659991142121 99999992552659991212121255
3  303961 629  2265  21642121 961 6282659972651142111 961 8 12659972571433131265
3  672961 813  2365  21141113 961 8132652552611212183                        265
3 3141961 9 5  22652611111513                                                265
3 3631961 923  22652651211313                                                265
3  922961 925  2399  21141113 961 8132652552611212183                        265
1 390196110 7  22652572411313                                                265
3 10219611022  22652571111313                                                265
3 10619611026  22652611111313                                                265
3 10529611027  2365  21141113 9611022265  22611312183                        265
1 41219611030  22652651511313                                                265
3 1112961 5 8  23653851142221 9999999  23652571999993                        365
2 1122961 5 8  23653851143321 9999999365  22579699993                        365
3 1292961 6 3  23653051642121 9999999  22552571511653                        365
3 1302961 6 3  23653051642121 99999993652652651132611                        365
1 1241961 6 3  23653051212111                                                365
3 1261961 6 4  23653051512111                                                365
3  142961 617  2365  21141213 99999993659993651211313                        365
1  371961 619  2365  21212111                                                365
3 1661961 621  23652571211313                                                365
3 1643961 622  2365  21141113 961 6213659973651142111 96112313652659991112361365
1 1652961 622  2365  21142121 9999999  22552571799991                        365
1 1671961 625  23652571511313                                                365
2 1713961 628  2365  21143121 9999999365  29991142121 99999992552552571112719365
2 1702961 628  2365  21143221 99999993659979991212121                        365
3  391961 630  2365  21512111                                                365
1  411961 717  23653651212111                                                365
1 1932961 718  2365  21142121 9999999  22552571911991                        365
3 1982961 725  2365  21142421 9999999  2365  21321133                        365
2 1992961 725  2365  21143121 9999999365  29991212121                        365
311982961 725  2365  21142221 9999999  23652571211533                        365
3  431961 729  23653651512111                                                365
3 2031961 8 1  2365  21211333                                                365
1  552961 8 3  2365  21142121 9999999  23659991212121                        365
3 2222961 8 6  2365  21142221 9999999  23659991423151                        365
2 2232961 8 6  2365  21143321 99999993652659991612361                        365
3  682961 813  2365  21141113 9999999365  29991112533                        365
3 2471961 814  23652551211313                                                365
3 2531961 817  2365  21311333                                                365
3 2651961 818  23652571321133                                                365
1 2481961 821  23652551511313                                                365
3 2771961 823  23652571211313                                                365
2 2822961 824  2365  21143421 9999999365  22659611993                        365
4 2812961 824  2365  21141114 9999999  23652571211443                        365
3 2842961 826  2365  21211353                                                365
1 2961961 829  23652572511313                                                365
3 2992961 831  2365  21141213 99999993659973651211313                        365
2 3082961 9 3  23659992143221 99999993659989991112521                        365
2  742961 9 3  2365  22143221 99999993659973651611313                        365
1  762961 9 3  2365  22142321 9999999  2365  21611313                        365
3  782961 9 5  2365  21142121 9999999  2365  21211313                        365
1  841961 9 6  2365  21212111                                                365
3 3422961 913  2365  21142421 9999999  23659991612121                        365
3 3462961 915  2365  21142121 9999999  2365  21211313                        365
3 3571961 919  2365  21311353                                                365
1  892961 919  2365  21142221 9999999  2365  21421133                        365
1  871961 919  2365  21112521                                                365
3  861961 920  2365  21512111                                                365
3 3642961 924  2365  21142421 9999999  23652651221143                        365
1 3671961 927  2365  21112111                                                365
2 3723961 929  23653651143121 9999999365  29991141112 99999993652552579999999365
2 375296110 3  2365  21142121 9999999  23652001731132                        365
1 380296110 5  2365  21142121 9999999  22552571911991                        365
1 384196110 6  2365  21121111                                                365
2 385296110 6  2365  21143121 9999999365  22651133131                        365
3 39719611017  23652571311313                                                365
2 39529611017  2365  21143121 99999993659973651611313                        365
3 39629611018  2365  21642121 9999999  23652091421133                        365
1 39819611020  23652571511313                                                365
3140019611022  23652571211313                                                365
3 40029611023  23659991141113 9999999365  22611112173                        365
2 40529611027  2365  21143121 9999999365  22611412183                        365
1 10919611028  23652571511313                                                365
3 41129611031  2365  21141113 96110313659973651111313                        365
1 423196111 1  2365  21511333                                                365
3 420296111 9  2999  21141113 96111 93659973651112991                        365
3 2721961 822  23942091423151                                                394
3 3252961 9 9  2394  21142121 9999999  23942091321133                        394
1 1552961 620  23969991142121 9999999  23969991212111                        396
2 2352961 8 8  23969991143121 99999993962552571911991                        396
3 3052961 9 2  2396  21142111 961 912  23652091211313                        396
2 40829611029  2396  21143121 99999993963652091321133                        396
1  932961 925  2399  21142121 9999999  29999991212121                        399
1  912961 925  2399  21142421 9999999  2999  21421133                        399
1  942961 925  2399  21142121 9999999  29999991611993                        399
1 3652961 925  2399  21142121 9999999  22552571911991                        399
1 1692961 628  2365  21142221 99999999973659991212121                        997
1 2132961 8 5  29982202141211 99999999973659991212121                        997
1 2702961 820  23659991142121 99999999973659991212121                        997
1 2762961 822  2365  21141211 96110999973659991212121                        997
3 3413961 912  2365  21642121 99999999972659991143121 99999992659972651133131997
1 3102961 9 3  23659992142221 99999999983659991112521                        998
3 1781961 7 1  29992551321133                                                999
3 2052961 8 3  2999  21142121 9999999  2999  21321133                        999
1  562961 810  2999  21142121 9999999  23659991212121                        999
1 2712961 821  2999  21142121 9999999  22552571212991                        999
1 3012961 830  2999  21142121 9999999  2365  21611313                        999
4 382396110 6  2999  21141114 96110 5  2255  21141212 99999992552659991142121999
3 414296111 2  2999  21142121 9999999  2365  21211313                        999
1 1331961 6 5200  22001212111                                                  2
3  171961 6 6200  22001512111                                                  2
3 1351961 6 6200  22001512111                                                  2
1  201961 614200  2  21212111                                                  2
3  221961 618200  2  21512111                                                  2
3 1972961 724200  22001142121 99999992003652551321133                          2
1  542961 725200  22001141111 9999999  29999999999999                          2
1 2911961 827200  29991112521                                                  2
1 2933961 827200  29991142121 99999992003659992143121 99999993659989991212121  2
3 592396110162002202001141113 99999992202009991642121 99999992202009991212111220
3 2492961 8142003652001141113 961 8132652552611312183                        265
3 2731961 8212002652571211313                                                265
1 4241961 8272002652571511313                                                265
1  232961 6272003652001142421 99999992003659991212121                        365
3 1842961 7 42003652001642121 99999992002659991112361                        365
3 1852961 7 42003652001642121 99999992002559991112361                        365
1 2022961 8 12003652001142121 99999992003659991212121                        365
3 2581961 8172003652551321133                                                365
3 2971961 8292003652572211313                                                365
3 3022961 8312003652001141213 99999993659973651211313                        365
2  752961 9 3200365  22143221 99999993659973651611313                        365
1  772961 9 3200365  22142321 99999992003659991611313                        365
2 3092961 9 32003659992143221 99999993659989991112521                        365
1 4271961 9 52003652572511313                                                365
1 373296110 1200365  21141111 99999993652552579999999                        365
1 2462961 8142003942001642121 99999992003943941423151                        394
1 3662961 927200399  21142121 99999992002552571911991                        399
1 2142961 8 52009982002141211 99999999973659991212121                        997
1 3112961 9 32003659992142221 99999999983659991112521                        998
1 1562961 6202009992001142121 99999992002552571999991                        999
1 1141961 531220  22201212111                                                  2
1 1192961 6 1220  22201142121 99999992202552579999991                          2
1 1181961 6 1220  22201112521                                                  2
3 1161961 6 2220  22201512111                                                  2
3 3542961 917220  2  21642121 99999992203659991212121                          2
1 1763961 6282202552201141111 961 6282552652551642121 99999992552659991212121255
3 2591961 8172203652551321133                                                365
3 2162961 8 52209982202141213 99999999973659991212121                        997
3 2402961 8102209992201141213 99999999973659991212121                        997
3 2943961 8272209979991642121 99999992209979991141211 99999993659989991212121997
3 40329611025220  22201141213 99999999973659991212121                        997
3 3162961 9 52209992201142421 99999992209992571211993                        999
2 2542961 816255  22571143121 9999999  23942091212993                          2
1 3391961 9112552552571323141                                                255
3 1752961 6282552652551642121 99999992552659991212121                        265
3 1812961 7 22552652551141113 99999992659972611321133                        265
3 2412961 8132552652571141113 961 8132652552611312183                        265
3 3321961 9102552652571212183                                                265
3 3441961 9142552652651111443                                                265
3 3492961 9152552652551141113 99999992652552551111523                        265
3 377196110 42552652091111513                                                265
3 379196110 52552652091111513                                                265
33039196110 72202652572411313                                                265
1 589296110122552652551142421 99999992552659991212111                        265
3 401196110232552652091111513                                                265
3 413196111 12552652571312183                                                265
3 1102961 5 72553652551642121 99999992553659991112361                        365
3 1452961 6122553652551642121 99999992552659991112361                        365
3 2312961 8 72559992551141213 99999993652659991112361                        365
3 2422961 8132552652551141113 961 8133652552611112533                        365
1  692961 8162553652551142122 99999992553659991699993                        365
1 2621961 8172553652551212111                                                365
3 2641961 8182553652551512111                                                365
3 2442961 8142553942551142321 99999992553943941423151                        394
2 2452961 8142553942551143321 99999993942552611412183                        394
1 2091961 8 42559972201212111                                                997
1 2181961 8 52559972201112521                                                997
3 2202961 8 52559972201142121 99999992553652572211993                        997
3 2152961 8 52559982202141213 99999999973659991212121                        997
3 2111961 8 82559972201512111                                                997
1  981961 915255997  21212111                                                997
3  991961 916255997  21512111                                                997
3 2302961 8 72559992551141213 99999999992552571132141                        999
3 2302961 8 72559992551141213 99999999992552571132141                        999
3 1541961 6172572652571114213                                                265
3 3001961 830265  22611312183                                                  2
3 3151961 9 5265  22611111513                                                  2
3 3611961 922265  22651312183                                                  2
3 10119611022265  22611312183                                                  2
2 1462961 6132652552651143121 99999992552659991212111                        255
2 1472961 6132652552651143121 99999992552652571132141                        255
3 1522961 6152652552651142421 99999992652552651533131                        255
3 1682961 6232652652651142121 99999992652552611212183                        255
2 1742961 6282652552651143121 99999992552659991212121                        255
3 1732961 6282652552651142111 961 8 12652552651433131                        255
1  332961 7 62652552651141211 99999992652559991112361                        255
1 1892961 7162652552651142421 99999992652552571132141                        255
1 1902961 7162652552651142121 99999992653659991112361                        255
3 1962961 7212652552651142121 99999992652552651433131                        255
3 2011961 8 12652552611212183                                                255
3 2121961 8 42652552611312183                                                255
3 2392961 8102652552651142121 99999992652552611212183                        255
3  601961 8132652552611312183                                                255
3 2512961 8152652552651142221 99999992652552651533131                        255
2 2522961 8152652552651143321 99999992552652551623151                        255
3 2741961 8222652552611312183                                                255
3 2831961 8242652552651212213                                                255
3 2891961 8262652552651321133                                                255
3 374196110 12652552611312183                                                255
3 376196110 42652552091111513                                                255
3 378196110 52652552091111513                                                255
3 393196110 82652552611212213                                                255
3 402196110232652552091111513                                                255
2 1532961 6152659972651143121 99999999972659991212121                        997
3 1512961 6152659972651142421 99999992659972651533131                        997
3 1621961 6212659972651212213                                                997
3 1722961 6282659972651142111 961 8 12659972651433131                        997
2  342961 7 82659972651143321 99999999972652651611433                        997
3  352961 7 82659972651142221 99999992652552571211433                        997
3 1952961 7212659972651142121 99999992659972651433131                        997
3  591961 8132659972611312183                                                997
3 2751961 8222659972611312183                                                997
3 2852961 8252659972651142421 99999992659972651633131                        997
3 2881961 8262659972651321133                                                997
2 3212961 9 82659972651143221 99999999972659991112521                        997
3 3222961 9 82659972651142321 99999992659972651533131                        997
3 3261961 9 92659972651111993                                                997
3 3702961 9272659972651142321 99999992659972651533131                        997
2 3692961 9272659972651143321 99999999972659991212121                        997
1   92961 6152659992651142121 99999992652552611612183                        999
1 388296110 62659992651141211 99999992653659991112361                        999
1 1231961 6 3365  23051212111                                                  2
1 1282961 6 3365  23051142421 99999993652652651132611                          2
2 1272961 6 3365  23051143121 9999999  22552571511653                          2
3 1212961 6 3365  23051141113 961 531  22202201212111                          2
3 1251961 6 4365  23051512111                                                  2
1 1312961 6 4365  23051142111 96112313652659991112361                          2
3   41961 6 9365  29991112993                                                  2
1  381961 619365  2  21212111                                                  2
2 1582961 621365  23651143321 9999999  2365  21621133                          2
2  122961 621365  23651143321 9999999  2999  21611313                          2
3  132961 621365  23651142221 99999993659993651211313                          2
3 1572961 621365  23651142221 9999999365  23651321133                          2
3  401961 630365  2  21512111                                                  2
3  322961 7 2365  23651142421 99999993653963651321133                          2
2  312961 7 2365  23651143421 99999993969992091621133                          2
1  421961 717365  23651212111                                                  2
3 2002961 726365  23651141113 9999999  2365  21321133                          2
3  441961 729365  23651512111                                                  2
3 2692961 819365  23651141113 961 818  23652571321133                          2
3  812961 9 3365  23651142111 961 9103659993651211313                          2
1  831961 9 6365  2  21212111                                                  2
3  792961 9 7365  23651642121 99999993659973651611313                          2
1 3182961 9 8365  23651142421 9999999365  29991212111                          2
2 3232961 9 9365  23651143121 9999999  23652091421133                          2
3 3313961 910365  23651642121 961 9 3  2365  21142221 9999999  2365  21611313  2
3 3451961 914365  22651111993                                                  2
1 3432961 914365  2  21142421 9999999365  2  21212121                          2
1  902961 919365  2  21142221 9999999365  23651421133                          2
1  881961 919365  2  21112521                                                  2
3  851961 920365  2  21512111                                                  2
2 3582961 921365  2  21143121 9999999  22659991112361                          2
1 3602961 922365  23651142421 9999999365  29991212111                          2
1 3681961 927365  2  21112111                                                  2
3 3712961 929365  23651141113 961 923  22652651211313                          2
1  962961 930365  2  21142121 9999999365  29991212121                          2
1  952961 930365  2  21142121 9999999365  29991112991                          2
1 386296110 6365  2  21142221 9999999365  22651133131                          2
2 387296110 6365  2  21143221 9999999  22652651212151                          2
1 383196110 6365  2  21112111                                                  2
3 10419611026365  22611211313                                                  2
3 40629611027365  23651141113 9611026  22652611111313                          2
3 10719611027365  22611311313                                                  2
1 10819611028365  22611511313                                                  2
3 40719611029365  22651111993                                                  2
3 416296111 4365  23651142221 9999999365  23651311313                          2
3 415196111 4365  22611112213                                                  2
2 417296111 4365  23651143321 9999999  2365  21411313                          2
3  802961 9 73652003651642121 99999993659973651611313                        200
2 3242961 9 93652003651143121 99999992003652091421133                        200
3 1222961 6 33652203051141113 961 531220  22201212111                        220
3   22961 6 83652553651141213 961 6162552552571212719                        255
3   12961 6 83659973651141213 961 6162552552571212719                        255
2   72961 6 93652559991143111 961 6162552552571612719                        255
2 1442961 6103652553651143121 99999992552659991112361                        255
1  262961 6283659993651141211 99999992552659991212121                        255
1 2252961 8 73652553651142221 99999993652559992212121                        255
2 2272961 8 73652553651143221 99999992553659992212121                        255
3 2292961 8 73652553651142421 99999993652552091211313                        255
3 2362961 8 93652553651142221 99999993652552551911993                        255
2 2372961 8 93652553651143321 99999992552652651611993                        255
1 2611961 8173652552551212111                                                255
3 2631961 8183652552551512111                                                255
1 3302961 9103652553651142121 99999993652559991212121                        255
3 3562961 9173659973651141113 961 9142552652651111443                        255
1  272961 6283659993651141211 99999992652559991212121                        265
3  522961 8 73659973651142121 99999992652552612312183                        265
1  532961 8 73659973651142121 99999992652552571132161                        265
1 2332961 8 73652653651142421 99999993652652659999991                        265
1 3331961 9113652652651132611                                                265
1 2042961 8 23653253651142121 99999993659979991212121                        325
1 2952961 8273653253651142121 99999993659979991212121                        325
1 1362961 6 83659979991142121 99999993652652651132611                        997
1 1372961 6 83659979991142121 99999993652659991112361                        997
1 1382961 6 83659979991142121 99999993652559991112361                        997
1 1402961 6103659973651142121 99999993652652659999991                        997
2 1432961 6103659973651143121 99999999972552571132141                        997
2 1412961 6103659973651143121 99999999972659991112361                        997
2 1422961 6103659973651143121 99999999972559991112361                        997
3 1492961 6163659973651142221 99999993659972651911993                        997
2 1502961 6163659973651143321 99999999973652651611993                        997
2 1602961 6213659973651143121 99999999972659991112361                        997
1 1592961 6213659973651142111 96112313652659991112361                        997
2 1612961 6213659973651143121 99999999972559991112361                        997
3 1771961 6283659973651111313                                                997
3 1861961 7 83659973651321133                                                997
3 1871961 7 93659973651111313                                                997
2  472961 8 33659979991143221 99999999972659991112361                        997
1  462961 8 33659979991142221 99999993659979991212121                        997
2 2062961 8 33659973651143421 99999999972552571511653                        997
1 1832961 8 33659979991142221 99999993652552572132141                        997
2 1822961 8 33659979991143221 99999999972552572132141                        997
3 2322961 8 73659973651142121 99999993652552091211313                        997
2  502961 8 73659973651143421 99999999973652651611993                        997
3 2282961 8 73659973651142421 99999993659992091211313                        997
1 2322961 8 73659973651142121 99999993652552571611433                        997
1 2242961 8 73659973651142221 99999993659979992212121                        997
3  512961 8 73659973651142121 99999993652552612312183                        997
2 2262961 8 73659973651143221 99999999973659992212121                        997
3 2431961 8133659972651211313                                                997
3 2601961 8173659973651111313                                                997
1 2663961 8183659973651642121 961 8159973659991141113 961 8132652552611312183997
3 2782961 8233659973651141113 99999999973652579999993                        997
3 3382961 8263659979991642121 99999993659972611612533                        997
1 4221961 8313659972651511313                                                997
3 2982961 8313659973651142121 99999993659973651211313                        997
3 3031961 9 13659973651111313                                                997
3 3122961 9 33659973651142121 99999993659972651433131                        997
3 3131961 9 43659973651111313                                                997
3 3171961 9 73659973651111313                                                997
3 3271961 9 93659972651321133                                                997
3 3281961 9103659973651111313                                                997
1 3292961 9103659973651142121 99999993659979991212121                        997
2 3343961 9113659973651143121 99999999972659991143121 99999992659972651133131997
3 3352961 9113659973651141113 99999999973652571911993                        997
3 3401961 9123659973651111313                                                997
3 3551961 9173659973651111313                                                997
2 591296110123659973651143221 99999999973652091421133  3940296110173659736541997
3 404196110253659972611312183                                                997
3 409196110303659973651111313                                                997
3 410196110313659973651111313                                                997
1 419196111 93659973651112991                                                997
2   82961 6153659993651141212 961 619365  2  21212111                        999
1 1482961 6163659993651142111 96112313652659991112361                        999
1  102961 6213659993651142411 96112313652659991112361                        999
1  112961 6213659993651141211 99999993652652651132611                        999
1  292961 6283659993651142121 99999993652652651132611                        999
1  282961 6283659993651642421 99999993652552571211433                        999
3  252961 6283659993651142121 99999993659993651321133                        999
2 4213961 8 23659993651143321 99999999972559991643121 99999992552652091211719999
3  452961 8 23659993651142221 99999993659979991512121                        999
3  572961 8 93659993651142421 99999993659999991221143                        999
1 2382961 8 93659993651142121 99999993652659991112361                        999
1  702961 8243659993651142121 99999993659979991112121                        999
1  662961 8283659993651142121 99999993652659991112361                        999
3  712961 8293659993651142121 99999993659993651211313                        999
1  732961 8293659993651142421 99999993659999991611523                        999
3  721961 8293659993651321133                                                999
3 3042961 9 13659993651142111 961 9103659973651211313                        999
3 399196110233659993651111313                                                999
2  652961 8133942559991143221 99999992552659991112361                        255
1 587196110173945526511511313                                                255
1  642961 8133942559991142221 99999992652552611512183                        265
1  612961 8133949979991142221 99999992659972611512183                        265
1  481961 8 33943943651212111                                                394
3  491961 8 53943943651512111                                                394
2  622961 8133949979991143221 99999999972659991112361                        997
1 586196110173949972651511313                                                997
1 2212961 8 63949993651142111 96112313942659991112361                        999
3  822961 9 83949993941142121 99999993949992091321133                        999
3 418296111 5396  29991141113 9611026  22652611111313                          2
1 2342961 8 83969972201141211 99999999979992091999991                        997
1 2342961 8 83969972201141211 99999999979992991112361                        997
1 2081961 8 49972552201212111                                                255
3 2192961 8 59972552201142121 99999999973652572211993                        255
1 2171961 8 59972552201112521                                                255
3 2101961 8 89972552201512111                                                255
1  971961 915997255  21212111                                                255
3 1001961 916997255  21512111                                                255
3 2502961 8159973659991141113 961 8132652552611312183                        265
3 2562961 8179973659991141113 961 8132652552611312183                        265
3 2802961 8239973652571141113 961 8222652552611312183                        265
3 2792961 8239973652571141113 961 8222659972611312183                        265
3 1632961 6219973652571142121 99999999973652571111313                        365
3 1882961 7129973659991141213 96112313652659991112361                        365
3 1912961 7179973659991142121 99999999973659991612991                        365
3 1922961 7179973659991642121 99999999972659991212161                        365
1  362961 7179973659991142121 99999999973659991212121                        365
3 2572961 8179973659991141113 9999999365  29991112533                        365
2 2552961 8179973659991143121 99999993652552611512183                        365
2 3372961 8269973659991143121 99999993659972611612533                        365
2 2862961 8269973659991143321 99999993659972659611993                        365
3 2872961 8269973659991142221 99999999973659991911993                        365
2 3362961 8269973659991143121 99999993659972651133131                        365
2 3202961 9 89973659991143321 99999993659972651611993                        365
3 3192961 9 89973659991142221 99999999973652571211993                        365
3 3482961 9159973659991142221 99999999973659991612121                        365
2 3472961 9159973659991143221 99999993659972651611993                        365
1 1791961 630997997  21212111                                                997
3 1801961 7 3997997  21512111                                                997
1 1941961 721997997  21112111                                                997
