1   11898 6142002204092112521                                                220
1   92898 7252002202001142221 898 7252002202001112121                        220
3 1012898 9 22002206251132143                                                220
3  253898 9 92002202001141113 898 9 72202009951142121 99999992202009951112521220
3  281898 9182002202001642121 89899992002209991112521                        220
1  312898 9182002209952142111 898 9192002209951212111                        220
2  431898 9192002209951131132                                                220
3  441898 9192002209951212183                                                220
310011898 9192002209951211313                                                220
3  383898 9192002209951141113 898 9192202009951141113 99999992202009951211521220
2  362898 9192002209951143121 99999992202009951211521                        220
3  332898 9192002009951141113 898 7102202009951111553                        220
1  411898 9192002209951112521                                                220
2  392898 9192002209951143111 898 9196512209951132143                        220
2  451898 9202002209951131132                                                220
2  522898 9262002202001143121 99999992202002001112521                        220
1  512898 9262002202001142121 99999992002202001112521                        220
1  531898 9272002202201212111                                                220
2  572898 9272002202201143121 99999992202009951211521                        220
2  642898 9282002202001143121 99999992202002001112521                        220
1  632898 9282002202001142121 99999992002202001112521                        220
3  712898 9302002202001642221 99999992002202001712111                        220
3  481898 9302002209951311313                                                220
3  682898 9302002202201141113 898 7102202009951111553                        220
3  491898 9302002209951132143                                                220
3  73289810 32002202001642121 99999992002202001112121                        220
1  85289810 52002202001142121 99999992002209951112521                        220
4  81289810 52002202001141114 898 7102202009951111553                        220
2 102289810122002202001143121 99999992202006251211521                        220
3 112289810122002202001141113 99999992202006251132143                        220
3 106289810122002202001642121 99999992202006251133131                        220
3  98289810122002202001141113 898 7102202006251111553                        220
3 124189810172002201741211313                                                220
3 125289810192009992001141113 898 7102202009951111553                        220
3 137189810222002202001211333                                                220
3 146189810232002201741311313                                                220
3 14718981024200220 201211353                                                220
3 152189810242002202001211353                                                220
3 149289810242002202001642121 99999992002202001212121                        220
1 153289810272002202001141111 898 9 22002209951132143                        220
2 155289810272002202001143221 99999992202009951112719                        220
3 154289810272002202001642321 99999992002202001212121                        220
3 156189810282002202001311353                                                220
4 158289810292009992001141114 89810262202009951211521                        220
3 164189810302002209981311313                                                220
3 167189810312002201741311313                                                220
3 162289810312002209951141113 89810802202009951111553                        220
3 163189810312002209951212213                                                220
3 161189810312002209951311313                                                220
3 165189810312002202001311353                                                220
2 222289810312002205301143121 89999992202005301211521                        220
3 178189811 22002204091311313                                                220
2 188289811 32002202001143211 99999992202006251231121                        220
1 181289811 32002202001242222 99999992002202001212991                        220
3 187189811 32002202001112173                                                220
3 192189811 72002202001211313                                                220
3 193189811 82002202001311353                                                220
1 194189811 92002206511112111                                                220
1 209289812 62002202201141111 99999992202002201999993                        220
1 215189812112002206251131121                                                220
1  141898 8302002554092112521                                                255
1  663898 9302002202201141111 99999992552002551141111 898 9 22002209951132143255
1  673898 9302002202201141111 99999993252003251141111 898 9 22002209951132143325
3 166189810312003652001112173                                                365
3  95389810 92005302001642121 99999992005302001141111 898 6225302009951132143530
1  99289810122002202001141111 898 9 26512206251132143                        651
1 204289811122006516511142121 99999992006516511799991                        651
3  151898 9 72009996251112213                                                999
3  242898 9 92009992002142121 898 9 22009999951232143                        999
3 133389810212009992001642121 99999992009992001141111 898 7102202009951111553999
3 148389810242009992001642121 99999992009992001141111 99999992202006251132143999
4 184289811 32009992001141114 99999992002209951112521                        999
4 200389811 92009992001141214 99999992002209951142121 99999992002209951211533999
2 196289811 92009992001142221 99999992006516511132142                        999
1 199289811 92009992001141111 99999992002202001711353                        999
4 198389811 92009992001141214 89811 92006516511142221 99999992006516511132142999
2 210289812 72009992001141112 99999992002202001912992                        999
4 211389812 92009992001141214 99999992002202201142121 99999992002202201299993999
1 219289812162009992201141111 99999992002202201912991                        999
1   21898 6142202004092112521                                                200
1   61898 6222202009952111521                                                200
3   41898 6222202009952132143                                                200
3   81898 7102202009951132143                                                200
3   71898 7102202009951111553                                                200
1  202898 9 72202002201142121 99999992202009951112521                        200
2  192898 9 72202002202643121 99999992002009951111993                        200
1  182898 9 72202002201642121 99999992202009951111993                        200
2  232898 9 82202002201143121 99999992002209951111991                        200
1  222898 9 82202002201142121 99999992202009951111991                        200
3  292898 9182202002201141113 898 9 22002209951232143                        200
1  302898 9182202002201141111 898 7102202009951111553                        200
3  273898 9182202002201141113 898 9 92009992002142121 99999992002209951232143200
3  373898 9192202009951141113 898 9192002209951143121 99999992202009951211521200
1  401898 9192202009951112521                                                200
1  342898 9192202009951141111 898 7102202009951111553                        200
3  352898 9192202009951142121 99999992202009951711553                        200
1  462898 9212202002001141111 898 7102202009951111553                        200
1  502898 9262202002201141111 898 9192002209951611993                        200
1  552898 9272202002201142121 99999992202002201112521                        200
3  582898 9272202002201642121 99999992202009951211521                        200
2  562898 9272202002201143121 99999992002202201112521                        200
1  541898 9272202002201212111                                                200
3  612898 9282202002201642421 99999992202002201112521                        200
1  592898 9282202002201141111 99999992202009951611523                        200
2  652898 9282202002201143113 898 9 22002209951132143                        200
1  602898 9282202002201141111 99999992002209951611523                        200
4  623898 9282202002201141214 99999992202002201142121 99999992202009951211521200
1  721898 9302202009951642121 98999992202009951611521                        200
3  703898 9302202002201141113 898 9272002202201143121 99999992202009951111521200
4  692898 9302202002201141114 99999992202009951111993                        200
3  74389810 32202002201642111 99999992202002201141111 898 9 22002209951131143200
2  75289810 42202002201143221 99999992002202202112141                        200
1  76289810 42202009951142221 89899992202009951211521                        200
1  77289810 52202002201142121 99999992202002201112121                        200
3  79289810 52202002001141113 898 9 22002209951131143                        200
1  84289810 52202002001142121 99999992202009951112521                        200
1  83289810 52202002001141111 99999992202004091132132                        200
2  78289810 52202002201143121 99999992002202201212111                        200
2  80289810 52202002001141112 898 7102202009951111553                        200
3  86289810 62202002201642221 99999992202009951211521                        200
1  89289810 82202002201142221 99999992202009951211521                        200
2  91289810 82202002201143221 99999992002206251133131                        200
1  97289810112202002201142122 99999992202009951112991                        200
2  96289810112202002201143122 99999992002209951112991                        200
3 113389810122202002001642121 99999992202002001141111 99999992002206251132143200
3 101189810122202002001141113 89899992002209951232132                        200
1 100289810122202002001141111 898 7102202009951111553                        200
1 104289810122202002001142121 99999992202004091212121                        200
2 103289810122202002001143121 99999992002204091212121                        200
2 105289810122202002001143121 99999992002206251133131                        200
3 123189810172202002201211353                                                200
3 130189810182202002201311353                                                200
2 128289810202202002201143121 99999992002209951112521                        200
3 129189810202202001741111313                                                200
3 135289810212202002201642121 99999992202009951211521                        200
3 134189810212202002201311353                                                200
2 143289810232202002201143121 99999992002209951112521                        200
3 150189810242202002201311353                                                200
3 159189810312202009951111553                                                200
3 160189810312202009951211313                                                200
2 170289810312202002201143121 99999992002206251212121                        200
3 179189811 22202004091211313                                                200
3 180189811 22202004091311313                                                200
1 182289811 22202002201142121 99999992202009951211521                        200
2 175289811 22202002201143221 99999992002209991212121                        200
1 174289811 22202002201142421 99999992202009991212121                        200
2 186289811 32202002201142121 99999992202006251732132                        200
4 183389811 32202002201141114 99999992202002001142121 99999992202002001512161200
3 189289811 32202006511642121 99999992202006251211521                        200
1 185389811 32202002201141211 89811 22202002201142121 99999992202009951211521200
1 190389811 42202002001141211 99999992202009951142121 99999992202009951211521200
1 195189811 92202006511112111                                                200
3 201189811 92202002201311353                                                200
3 208289812 42202009951141113 89810802202009951111553                        200
1 207189812 42202009951211521                                                200
3 216189812122202009951511521                                                200
1 217189812122202552201112111                                                255
2 205289811182205305301143121 99999995302205301131121                        530
1 212189812 92205305301212111                                                530
3  11189899992205309951132143                                                530
2 173289811 22206512201143121 99999996512209951111553                        651
4  212898 9 72209992201141114 99999992202202201112719                        999
4 126289810192209992201141114 89810172202002201211353                        999
1 127289810202209992201142121 99999992202009951112521                        999
1 142289810232209992201142121 99999992202009951112521                        999
4 141289810232209992201141114 99999992202002201211353                        999
4 151289810242209992201141114 99999992202002201311353                        999
4 157289810282209992201141114 89810262202009951211521                        999
1 169289810312209992201142121 99999992202009951212121                        999
1 172289811 22209992201142121 99999992202009951211521                        999
1  131898 8302552004092112521                                                200
3  472898 9302552202551141113 898 7102202009951111553                        220
3 202389811112553656521141113 89811 22202009951142121 99999992202009951211521220
1 218189812122552202201112111                                                220
1 116289810133259993251141211 99999992002209951112521                        200
1 117289810133259993251141211 99999992202009951112521                        220
3 119289810183252203251642122 99999993252209951999991                        220
1 118289810183252203251642121 99999993252009951999993                        220
3  322898 9183659993651141213 99999992002009951111993                        200
2 110289810123652003651143121 99999992002209951212142                        200
1 108289810123659993651141211 99999992002209951212142                        200
3 138389810223652003651141113 99999992002202001141113 898 7102202009951111553200
1 139289810223652003651141111 99999993652203651999991                        200
1 109289810123659993651141121 99999992202009951212142                        220
2 111289810123652203651143121 99999992202009951212142                        220
3 120289810183652203651642221 99999993652209951211121                        220
3 122389810183652203651642121 99999993652203651141211 898 7102202009951111553220
1 136389810223652003651141111 89810122202002001143121 99999992002206251133131220
2 144289810233652202201143121 99999992202009951111521                        220
2 140289810233652202201143111 99999992202009951112521                        220
1 145289810233652202201642121 99999993652009951211533                        220
1 171389810313652202201142121 89810312202002201143121 99999992002206251212121220
3 177289811 23652202001642121 99999993652209991112991                        220
1 191389811 63659993651141211 89811 22202009951142121 99999992202009951211521220
1 203389811113659993651141111 89811 22202009951142121 99999992202009951211521220
2  172898 9 53652553651142121 99999993659994091112362                        255
2  122898 8123659993651143121 99999999999999992212111                        999
1   51898 6225302009952211521                                                200
3   31898 6225302009952132143                                                200
3  262898 9155309995301141213 99999992005305302111553                        200
1 206389811185302205301141211 89811702205305301143121 99999995302205301131121220
1 213189812 95302205301212111                                                220
3 2201899 1105302205301112173                                                220
1 2211899 1295302205301512173                                                220
2  94289810 96512006511143121 99999992006516251132991                        200
1  92289810 96512006511141111 898 9192002209951131143                        200
3  421898 9196512209951132143                                                220
3  93289810 96512006511141113 898 7102202009951111553                        220
1 115289810136512206511141111 99999996512206251132143                        220
3 168189810316512209951211313                                                220
3 214189812116512209951111553                                                220
