1 19219311112  22202201112111                                                220
1  1829311011  2398  21141111 99999993989999991112992                        398
1  3629311016  2398  21642121 9999999  2740  21523151                        398
1  3329311016  2398  21142121 9999999  23983981112121                        398
1  3729311016  2398  21642121 9999999  2713  21523151                        398
1 121293111 6  27407401141111 99999993987403981112999                        398
1 18129311112  2398  21142121 9999999  23983981112111                        398
1 22219311117  23983981112111                                                398
3 23929311119  2398  21142121 9999999  27409991212993                        398
2 26629311120  2398  21642121 9999999  23987111112342                        398
2 30229311125  2398  21142421 9999999  23987111112342                        398
1 30639311125  27403981141111 93111253987403981143121 99999997407137111511533398
1 30539311125  23983981141111 93111253987403981143121 99999997407137111511533398
1 30739311125  27133981141111 93111253987133981143121 99999997137407111511533398
1 412193112 8  23983981112111                                                398
1 43339311210  2398  21141111 93112 93987133981143121 99999993987137111112342398
1 43239311210  2398  21141111 93112 93987403981143121 99999993987407111112342398
1 42819311210  23983981112111                                                398
2 10229311020  2713  21643121 99999997137407111112223                        713
1 22019311117  27133981112111                                                713
2 35729311129  27133981143121 99999997137407111211521                        713
1 42419311210  27133981112111                                                713
2 10329311020  2740  21643121 99999997407137111112223                        740
1 115293111 6  2740  21141211 9999999  2740  21712993                        740
3 18029311112  2740  21142121 9999999  27409991712993                        740
1 22419311117  27403981112111                                                740
3 27429311121  27407401141113 93111197407137111111653                        740
1 25919311130  2740  21112111                                                740
1 411293112 8  27407401641111 99999997407137111111523                        740
1 42619311210  27403981112111                                                740
3 44929311218  2740  21141113 99999997407137111111523                        740
3 45329311220  2740  21141113 99999997407137111111523                        740
3 46429311224  27407401141113 99999997407137401111523                        740
2 10539311021  2999  21141112 9999999  2713  21643121 99999997137407111112223999
2 10439311021  2999  21141112 9999999  2740  21643121 99999997407137111112223999
3 145193111 9  29997111111353                                                999
2 20529311114  29997401142121 9999999  29997111112342                        999
1  29193110131987403981212111                                                740
1 19119311112200  22001112111                                                  2
1 43629311211200  22001141111 9999999  23983981112111                          2
3  91393110172007402001141113 9999999740  29991141113 9999999  23983981112111740
1 289293111242007402001642121 99999992007409991521121                        740
3 296293111252007409991141213 99999997407137111111653                        740
2 461293112232007407401643121 99999997407137111111523                        740
2 110393110172009993981141112 99999992007409991643121 99999997407137111112223999
2 109393110172009993981141112 99999992007139991643121 99999997137407111112223999
1 19319311112220  22201112111                                                  2
2 460293112232207407401643121 99999997407137111111523                        740
3 147193111 92209997111111353                                                999
2 273293111212603983981143121 99999997407137111511533                        398
2 272293111212603983981143121 99999997137407111511533                        398
2 380293112 22603983981143121 99999992603987111112342                        398
3  43293110232997402981141113 93110227407137111111523                        740
2 367293112 13253989991142221 99999993257407111112342                        398
3 146193111 93259997111111353                                                999
3 33229311128365  23651141113 9999999  29999991112999                          2
3 35629311130365  23651141113 9999999  29999991112999                          2
3 366293112 1365  23651141113 9999999  29999991112999                          2
9 382293112 4365  2  21642121 99999993659997111111999                          2
3 46229311223365  23651141113 9999999  29999991112999                          2
3  55293110263653983651141113 99999993987113981112993                        398
2 238293111203653987401642121 99999993657407111112342                        398
3 280293111223653983651141113 99999993987409991112999                        398
3 298293111253653983651141113 99999993983659991112993                        398
3 323293111273653983651141113 99999993989997111112999                        398
3 355293111303653983651141113 99999993989999991112999                        398
2  48293110243657113651643111 99999997117117111111523                        711
3  49293110243657113651142221 99999993657117111111523                        711
1 113293111 63659993651141121 99999997139997131199999                        713
4  58293110273657403651141114 99999993657113651211313                        740
4  65293110303657403651141114 99999993657403651211313                        740
4 142393111 83657403651141114 99999993657409991142121 99999993657407111111523740
3 160293111113657403651141113 99999997407117111111653                        740
3 173293111113657403651141113 99999997403657111112993                        740
3 207293111143657403651141113 99999997403657111142121 99999997403657111111523740
3 206293111143657403651142222 99999993657409991199993                        740
21206293111143657403651143321 99999997403657111611523                        740
3 248393111193657403651141113 99999997403659991141113 99999993657133651121111740
3 262293111213657403651141113 99999997403657111111993                        740
2 281293111223657403651643121 99999997403657111111523                        740
3 283293111233657403651141113 99999997403657111111993                        740
3 288293111243657403651141113 99999997403657111111993                        740
3 312293111263657403651141113 99999997403657111111993                        740
2  3229311015398  23981143121 9999999  23983981112121                          2
1 22319311117398  23981112111                                                  2
2 385293112 4398  23981143121 93112 1  27409991143111 932 2 17407137111211521  2
1 413193112 8398  23981112111                                                  2
1 42919311210398  23981112111                                                  2
2 383393112 43982003981143121 93112 12007409991143111 932 2 17407137111211521200
2 384393112 43982203981143121 93112 12207409991143111 932 2 17407137111211521220
2 237293111203983657401143121 99999993657407111112342                        365
3  50193110243983983981512111                                                398
3 430193112103983983981512111                                                398
1  56193110273987117111121111                                                711
1  30193110133987133981212111                                                713
2 129293111 73987133981643121 99999997137407111211523                        713
2 130293111 73987133981142321 99999993987409991712142                        713
2 131293111 73987133981142321 99999993987139991712142                        713
2 171393111113987133981141112 99999997133989991642121 99999997137407111321133713
1 212193111163987133981112111                                                713
2 255293111203987133981142121 99999993987137111112342                        713
1 259393111203989993981141111 99999997133989991142111 93111203987137111112342713
1 254293111203987133981142121 99999997137407111511533                        713
1 258393111203989993981141111 99999997133989991142111 93111207137407111511533713
2 290293111243987133981143121 99999993987137111112342                        713
2 291293111243987133981142121 99999993987137111112342                        713
2 300293111253987133981143121 99999997137407111511533                        713
2 364393112 13987133981143121 99999997133989991142121 99999993987137111112342713
2 406293112 73987133981643121 99999997137407111111523                        713
2 417293112 93987133981643121 99999997137407111111523                        713
2 420393112 93987133981143121 99999997133989991142121 99999993987137111112342713
2  93293110183987403981143111 99999997407137111211521                        740
2 112293110243987403981143111 99999997407137111211521                        740
2  47293110243987403981143111 99999997107137111211521                        740
1  61193110293987402201112111                                                740
2  66293110303987403981143121 99999997407137111211521                        740
2 114293111 63987403981143121 99999997407139991112121                        740
2 123293111 63987403981143121 99999997407137111511523                        740
2 122293111 63987403981143121 99999997407137111113999                        740
2 128293111 73987403981643121 99999997407137111211523                        740
2 172393111113987403981141112 99999997403989991642121 99999997407137111321133740
2 198293111133987403981143111 93111167407137111111521                        740
1 211193111163987403981112111                                                740
1 256393111203989993981141111 99999997403989991142111 93111207407137111511533740
2 253293111203987403981142121 99999993987407111112342                        740
2 252293111203987403981143121 99999997407137111511533                        740
1 257393111203989993981141111 99999997403989991142111 93111203987407111112342740
2 270293111213987403981142121 99999993987407111112342                        740
2 293293111243987403981142121 99999993987403981112342                        740
2 292293111243987403981143121 99999993987407111112342                        740
2 301293111253987403981143121 99999997407137111511533                        740
2 363293112 13987403981143111 932 2 17407137111111521                        740
2 389293112 53987403981143121 99999997403989991112999                        740
2 407293112 73987403981643121 99999997407137111111523                        740
2 416293112 93987403981643121 99999997407137111111523                        740
2 418293112 93987403981143121 99999997407137111211521                        740
2 419393112 93987403981143121 99999997403989991142121 99999993987407111112342740
2 111293110173989983981141112 99999999989989991112521                        998
1  72293111 53989993981142111 93111143983982201112111                        999
4 400393112 53989993981141114 93112 43982203981143121 99999992207409991192991999
4 401393112 53989993981141114 93112 4398  23981143121 9999999  27409991192991999
4 399393112 53989993981141114 93112 43982003981143121 99999992007409991192991999
1 22119311117713  23981112111                                                  2
1 42519311210713  23981112111                                                  2
3 313193111267133257111111523                                                325
2 310263111257133983981143121 99999993987137111111212                        398
2   32931 9217133983981143121 99999993983983981112111                        398
3  23293110127133987131142321 99999997137407131112363                        398
1  44293110237133983981142121 99999997137407111919991                        398
1  45293110237133983981642121 99999997137407111111523                        398
2 125293111 67133983981143121 99999993987137111212342                        398
2 124293111 67133983981143111 93111163983983981112111                        398
2 184293111127133983981143121 99999993987409991112993                        398
2 197293111137133983981142121 99999993987137111112342                        398
21216293111167137403981142221 99999993987133991112142                        398
1 214193111167133983981112111                                                398
1 231293111187133983981142121 99999993987139991112991                        398
3 249293111197133987131141113 99999997137407111112223                        398
4 264393111207133983981141114 99999997133989991142111 93111207137407111511533398
4 265393111207133983981141114 99999997133989991142111 93111203987137111112342398
3 271293111217133983981142121 99999997137409991112993                        398
3 285393111237133983981141113 99999993987403981641113 99999997407137111112223398
1 282293111247133987131142121 99999997133989991112111                        398
2 308293111257133983981143121 99999993987139991112991                        398
1 309293111257133983981142221 99999997137407111211521                        398
2 328293111267133983981143121 99999993987137111111212                        398
1 327293111267133983981142121 93111257137403981511533                        398
2 344293111287133987131143121 99999993987407111112991                        398
2 343293111287133987131143121 99999993987137111112991                        398
3 456293112217133987131142121 99999997137407111111533                        398
9 168193111117137137131114999                                                713
3   71931 9187137407111114123                                                740
3   41931 9187137407131114213                                                740
1 4742931 9197137407131142221 99999997137409991212121                        740
2 4732931 9197137407131143121 99999997407139991212121                        740
3 4752931 9217137407131642121 99999997137409991212121                        740
2 4772931 9257137409991143121 99999999997409991112142                        740
2 4782931 9257137409991143121 99999999997409991112142                        740
2 4762931 9257137409991143121 99999999997139991112142                        740
2  20393110117137407131143121 99999997407139991141112 93110507407137111111523740
2  22293110117137407131143111 93110187407137111211521                        740
1  25193110127137407401112121                                                740
3  52193110157137404111111513                                                740
3 107193110217137407111111513                                                740
3  19293110227137407131141113 93110507407137111111523                        740
3  63193110297137407111111513                                                740
3  70193111 47137407111111513                                                740
1 118193111 67137407111111521                                                740
3 119193111 67137407111111523                                                740
3 138293111 77137403981141113 99999997407137111112223                        740
3 140193111 87137407111121143                                                740
3  77193111 87137407301111513                                                740
3 150293111 97137407111141113 99999997409997111114113                        740
3 165293111107137407131141113 99999997407137111111523                        740
3 155193111107137407111111513                                                740
3 158193111107137407131121143                                                740
2 167293111117133983981141112 99999997407137111111523                        740
3 175193111117137407111321143                                                740
3 177193111127137407111111513                                                740
3 179293111127137407111642121 99999997137407111211521                        740
3 202193111137137407111111513                                                740
3 208293111147137407131141113 99999997407137131114113                        740
3 277193111157137407111111663                                                740
1 204293111157137407131142121 99999997137407111111521                        740
2 216293111167137403981143121 99999993987409991112142                        740
1 226293111177137407111142221 99999997137407111111521                        740
3 200393111177137409991642121 93111137407137111143111 93111257137407111111521740
1 227293111177137407131141111 99999997137407111111633                        740
3 250293111197137407131142221 99999997137407111111523                        740
1 233193111197137407111111521                                                740
3 279393111217133983981642111 93111217403983981143121 99999993987137111112342740
1 276293111217137407131142121 99999997137409991112121                        740
2 275293111217137407131143121 99999997407139991112121                        740
1  88293111237137407131142321 99999997137407111211521                        740
2  86293111237137407131143121 99999997137407111132141                        740
2  87293111237137407131143121 99999997407137111611523                        740
3 284293111237133983981141113 99999997407137111112223                        740
3 286193111247137407111111513                                                740
3 311193111267137407111111523                                                740
3  84193111267137407301111513                                                740
3 324193111267137407111111513                                                740
3 326293111267137407131141213 99999997407137111111523                        740
1 314293111277137407111142221 99999997137407111511533                        740
2 322293111277137403981143121 99999997407137111112991                        740
1 321293111277137403981142221 99999997137407111211521                        740
2 315293111277137407111143121 99999997407137111511533                        740
3 337193111277137407111111513                                                740
3 339193111287137407111111513                                                740
2 347293111297137407111143121 99999997407137111211521                        740
1 346293111297137407111142221 99999997137407111211521                        740
1 348293111307137407111142121 99999997137407111511533                        740
3 353393111307137403981642121 99999997137409991143121 99999997407137111111521740
1 350193111307137407111111521                                                740
3 376193112 27137407111111513                                                740
3 360193112 27137407111111513                                                740
3  38193112 47137407131114213                                                740
2 394293112 57139997131141112 99999997407137131512121                        740
3 391193112 57137407111111513                                                740
3 390293112 57137407131642121 99999997137407111211521                        740
3 405293112 77137403981642121 99999997137407111111521                        740
3  90293112 97137407131642121 99999997137407111132141                        740
3 444193112157137407111211533                                                740
3 447293112167137403981141113 99999997407137111111523                        740
1 445193112167137407111111521                                                740
1 187393111127139977131142121 99999997139979991143921 99999999977137111112152997
4  40393110217139997131141114 99999997139999991142991 99999997137409991112521999
3 163293111107137403981141113 93111 89997137111114251                        999
3 162293111107139991981142421 99999997137407111321133                        999
4 377293112 27139997131141114 99999997137409991112121                        999
2 393293112 57139997131141112 99999997137407131512121                        999
3   51931 9187307137111211313                                                713
1 4701931 9217307137111511313                                                713
2  95293110197403983981141112 9999999  13983981112111                          1
3  3429311016740  27401141213 9999999  23983981112121                          2
3  9229311017740  23981141113 9999999  23983981112111                          2
9 15629311110740  27401642121 99999997407137111112999                          2
1 22519311117740  23981112111                                                  2
1 24139311119740  27401642121 9999999740  29991141113 9999999  23983981112111  2
1 24029311120740  2  21142421 99999997407137111111521                          2
1 33429311127740  2  21642121 99999997407137111111523                          2
3 34029311128740  23981141113 9999999  27409991112223                          2
3 35139311129740  27401141113 9311128740  23981141113 9999999  27409991112223  2
1 35819311130740  2  21112111                                                  2
1 42719311210740  23981112111                                                  2
3 46629311224740  27401142121 99999997407137111111533                          2
1 297293111257402007401642121 99999997407137111111653                        200
3 468293112247402007401142121 99999997407137111111533                        200
3 467293112247402207401142121 99999997407137111111533                        220
3  57293110277403657111141113 99999993657113651211313                        365
2  59293110287403657401143121 99999993657113651511313                        365
2  60293110287403657401643121 99999993657409991211993                        365
3 185293111127409997401141113 99999993657137111121111                        365
3 245293111187403657401141113 99999993657137111121111                        365
2 246393111187403657401143121 99999993657409991141114 99999993657137111121111365
3 244293111187403657401142222 99999997403657111111993                        365
1 228293111197403657401642121 99999997403657141111193                        365
1 268293111207403653651642121 99999997403657111111993                        365
1 381293112 47403657401642121 99999997403657111111523                        365
3 415293112 87409997401141113 99999993657137111121111                        365
1 4722931 9257403987401142121 99999997407137111211521                        398
1 4712931 9257403987401642121 99999997407137111111523                        398
3  24293110127403987401141113 99999993987409991112993                        398
3  94293110187403983981642111 99999997407137111211521                        398
3  41293110227403987401141113 99999993987403981112993                        398
3  46293110237403983981642111 99999997407137111211521                        398
1  51293110257403987401142121 99999997407119991212121                        398
3  54293110257403987401642111 93111167407137111211521                        398
1  62193110297403982201112111                                                398
1  71293111 47403987401641111 93110263987403981112993                        398
2 135293111 77403987401642121 99999993987407111112152                        398
4 137293111 77403987401141114 93111507407137111111423                        398
3 132293111 77403987401642121 99999997407137111211521                        398
3 148393111 97403987401142121 99999997403989991141113 99999993987403981111993398
3 153293111 97403987401141113 99999993987403981111993                        398
3 199293111137403987111642121 99999997407137111111521                        398
2 196293111137403983981142121 99999993987407111112342                        398
1 213193111167403983981112111                                                398
2 217293111167407133981642121 99999993987409991112142                        398
2 230293111187403983981642121 99999993987407111111212                        398
1 243393111197403987401141111 931 9303987403981143121 99999997407137111211521398
2 242393111197403987401143121 99999993987139991641111 99999997137409991112121398
3 232293111197403983981642421 99999997407137111111521                        398
3 251293111197403983981642421 99999997407137111111521                        398
2 261293111207403987401642111 93111203987407111112342                        398
3 247293111207403987401642121 99999997407137111111521                        398
3 260293111207403987401642111 93111207407137111511533                        398
3 363293111217403987401141113 99999993987137111611999                        398
2 269293111217403983981143121 99999993987407111112342                        398
1 303293111257403983984142421 93111257407137111511533                        398
1 329293111267403987401142421 99999997407137111511533                        398
1 341293111287403983981642221 99999997407137111111523                        398
2 352293111297403983981642121 99999993987407111112992                        398
2 374293112 27407133981142221 99999993987407111111212                        398
2 373293112 27403983981142221 99999993987407111111212                        398
2 371293112 27403983981143121 99999997137409991112121                        398
3 368293112 27403983981642121 932 2 17407137111111521                        398
9 365293112 27403987401142121 99999997407137111111999                        398
2 369293112 27403983981143121 99999997137407111211521                        398
3 409293112 77403983981142421 99999997407137111111533                        398
2 414293112 97403987401643121 99999993983983981512111                        398
2 421293112 97403987401142121 99999993987407111112342                        398
3 422293112 97403987401142421 99999997407137111111533                        398
3 136363111 77407137401141113 99999997133657131143121 9999999365740711111523 713
3   61931 9187407137111111653                                                713
2   12931 9187407137111143121 99999997137119991132163                        713
3 4811931 9187407137111111313                                                713
3 4801931 9227407137111111653                                                713
3   2193110 87407137111111523                                                713
3  11193110 87407137111111523                                                713
3  12193110 87407137111111653                                                713
2   9293110117407137401143221 99999997137407131223151                        713
3  21293110117407137401642111 93110147407137401211521                        713
3  10293110117407137401142321 99999997407137131111993                        713
3  28193110137407137111111523                                                713
1  26193110137407137491112121                                                713
3  27193110137407137111112213                                                713
1  99293110207407137401642121 99999997407137111111523                        713
2  96293110207407137401643121 99999997137407111111523                        713
2  98293110207407137401143121 99999997137407111223151                        713
2 101293110207407137401143121 99999997137407111112521                        713
1  97293110207407137401642121 99999997407137111111523                        713
2 100293110207407137401643121 99999997137407111112213                        713
3 106193110217407134111111513                                                713
1 108293110217407137401642121 99999997407137111111523                        713
3  42193110227407137111111523                                                713
3  53193110257407137111111513                                                713
3  64193110297407137111111513                                                713
1  67193110317407137111111521                                                713
3  68193111 37407137111111313                                                713
3  69193111 47407137111111513                                                713
2  79193111 47407137111132142                                                713
3  73193111 57407137111111633                                                713
3 117193111 67407137111121133                                                713
3 120193111 67407137111111653                                                713
3 127293111 67407139991141113 93111 27137407111211533                        713
1 126293111 67407139991142421 99999997407137111211521                        713
3 116193111 67407137111121133                                                713
2 133293111 77407137401143122 99999997137407111299991                        713
3  75193111 77407137111111633                                                713
2  76193111 77407137111132142                                                713
1 134293111 77407137401142221 99999997407137111211521                        713
3  78193111 87407137301111513                                                713
1 141193111 87407137111111521                                                713
3 143193111 87407137131111523                                                713
2 149293111 97407137111143121 99999997137407111211521                        713
4 151293111 97407137131141114 93111 97409997111114113                        713
2 164293111 97407137111143121 99999997137407111111521                        713
2 157293111107407137401143121 99999997137409991112121                        713
3 154193111107407137111111513                                                713
3 170193111117407137111121143                                                713
3 174193111117407131811111313                                                713
3 159293111117407137401141113 99999997137407111111523                        713
3 169293111117407137401142121 99999997407137111121143                        713
3 166293111127407137401142221 99999917407137111111523                        713
2 178293111127407137111143121 99999997137407111211521                        713
3 176193111127407137111111513                                                713
2 195293111137407137111143111 93111257137407111111521                        713
3 201193111137407137111111513                                                713
1 215293111147407137401142421 99999997407137111111521                        713
3 194193111147407137111111523                                                713
1 294193111147407137111211521                                                713
1 203293111157407137131142121 99999997407137111111521                        713
3 209193111157407137111111523                                                713
3 218193111177407137401321133                                                713
3  80193111177407137111111523                                                713
1  82193111187407137111111521                                                713
1 229293111187407137111141111 99999997407137111111633                        713
3 219193111187407137111111523                                                713
3 234193111197407137111111653                                                713
3  81193111197407137111111633                                                713
3 295193111247407137111511521                                                713
3 287193111247407137111111513                                                713
3  85193111257407137111111523                                                713
3 299193111257407137111111653                                                713
2 320293111267407137111143121 99999997137407111211521                        713
3  83193111267407137301111513                                                713
3 325193111267407137111111513                                                713
3 335193111277407137111111523                                                713
3 319293111277407137111141113 99999997137407111111523                        713
3 333193111277407137111321143                                                713
2 318293111277407137111143121 99999997137407111112992                        713
2 317293111277407137111143121 99999997137407111511533                        713
2 316293111277407137111143121 99999997137407111112992                        713
3 336193111277407137111111513                                                713
3 316293111277407137111642121 99999997407137111511533                        713
2 317293111277407137111143121 99999997137407111511533                        713
3 338193111287407137111111513                                                713
1 331193111287407137111111521                                                713
2 342293111287407133981143121 99999997137407111211521                        713
1 330293111287407137111142121 99999997407137111211521                        713
1  89293111297407137111111521                                                713
1 349293111307407137111142121 99999997407137111511533                        713
2 354393111307407133981143121 99999997137409991142121 99999997407137111111999713
1 345293111307407139991142121 99999997407139991112111                        713
3 362193112 17407137111321143                                                713
3 375193112 27407137111111513                                                713
3 361193112 27407137111111513                                                713
1 378293112 27407137401642221 99999997407137111111513                        713
2 370293112 27407133981143121 99999997137407111211521                        713
2 372293112 27407133981143121 99999997137409991112121                        713
2 379293112 27407137401143121 99999997137407111111521                        713
3 387293112 47407137111141113 99999997137407111111523                        713
3  39393112 47407137402241113 93111287137407111642121 99999997137407111111521713
2 386293112 47407137401143121 99999997137407111111521                        713
3 396293112 57407133981142321 99999997407137111111523                        713
3 395293112 57407137401141113 99999997139997111114113                        713
2 397293112 57407133981143121 99999997137407111111521                        713
3 392193112 57407137111111513                                                713
2 404393112 77407133981143121 99999997137409991143121 99999997407137111111653713
1 403293112 77407133981142221 99999997407137111132141                        713
3 408293112 77407133981142221 99999997407137111111533                        713
3 435193112117407137111111523                                                713
3 440293112147403983981141113 99999997137407131523151                        713
1 438293112147407137401142221 99999997407137111211521                        713
2 439293112147407137401143121 99999997137407111211521                        713
1 437293112147407137401642121 99999997407137131111523                        713
3 443193112157407137111211533                                                713
3 446193112177407137111321143                                                713
3 450293112187407137111142121 99999997407137111111523                        713
3 452293112207407137401142311 93112257407137111111523                        713
2 455293112207407137111143111 932 1 37137407111211521                        713
3 451393112207407137401142121 99999997407139991423111 93112257137407111211521713
3 454193112217407137111111523                                                713
3 457293112227407137401142311 93112257407137111111523                        713
2 458293112227407137401143111 93112257137407111111521                        713
1 463293112237407137131142121 99999997407137111411653                        713
3 459193112237407137111321143                                                713
3 465193112247407131811111313                                                713
1 469193112257407137401111521                                                713
1   8293199997407137401642121 99999997407137111132143                        713
1  17293199997407137401142221 99999997407137111111521                        713
2  13293199997407137401143121 99999997137407111112991                        713
1  16293199997407137401142121 99999997407139991212121                        713
2  15293199997407137401143121 99999997137409991212121                        713
2  35293110167409997111141112 99999997309999991114123                        730
1 186393111127409977131142121 99999997409979991143921 99999999977407111112152997
3 4792931 9247409997401142421 99999997407137111111653                        999
2 4782931 9257407139991642121 99999999997409991112142                        999
1  74293111 67409997401642121 99999997407137401111523                        999
3 139293111 77409997401142121 99999997407137111211313                        999
2 152293111 97409997401143121 99999999987117111111212                        999
1 188293111127409997401141111 99999997407137131112521                        999
1 189393111127409997401141111 99999997407137401142121 99999997407137111511533999
1 236293111197409999991142221 99999997407137111111521                        999
1 235293111197409999991642121 99999997407137111111533                        999
1 278293111217409997111142421 99999997407137111111521                        999
1 388293112 47409997111642321 99999997407137111111523                        999
9 398293112 57403983981642121 99999999997407111199993                        999
4 434293112117409997111141114 99999997407137111111523                        999
3 441293112147403983981141113 99999999997407111114123                        999
3  31193110157497137111111653                                                713
1  14293199997497137401142221 99999997407137111111521                        740
2 183293111119977137131142221 99999999977137111112152                        713
2 182293111119977407131142221 99999999977407111112152                        740
1 144193111 89997137111114251                                                713
1 161193111119997137111114251                                                713
3 210193111169997137131114213                                                713
3 267193111209997137131114213                                                713
3 442193112159997137131114213                                                713
3 304193111259997407131114213                                                740
3 402193112 69997407131114213                                                740
3 410193112 89997407131114123                                                740
3 423193112 99997407131114213                                                740
3 431193112109997407131114213                                                740
3 448193112179997407131114223                                                740
