1101518971227  2 40 401222111                                                 40
1   51898 1 2  2 40 401223111                                                 40
310171898 199  2 40 401114113                                                 40
1  991898 3 2  2 40 401323111                                                 40
1 1122898 3 9  2 40  21142121 8989999  2 40 401723111                         40
110421898 399  2 40 401323111                                                 40
310991898 411  2 40 401211413                                                 40
111021898 420  2 40 401212161                                                 40
1 3241898 428  2 40 401221111                                                 40
1 3821898 620  2 40 401111131                                                 40
1 4061898 720  2 40  21112111                                                 40
110711898 314  21401401123231                                                140
110731898 499  21401401123231                                                140
1 2071898 4 4  22002301112111                                                200
111121898 499  22002001123231                                                200
111611898 7 1  22002001123231                                                200
1 1741898 328  2220  21112111                                                220
1 4121898 726  2220  21212121                                                220
1 4221898 810  2220  21112521                                                220
3100218971119  2230 401114113                                                230
31004189712 4  2230 401114113                                                230
31005189712 6  2230 401114113                                                230
31009289712 6  2230  21141113 8971299230 40 401712213                        230
11007289712 6  2230  21141111 8971125230 40 401412213                        230
11006289712 6  2230  21141111 8971113230 40 401412213                        230
11008289712 6  2230  21142122 9999999  2230 409992991                        230
1101328971220  2230  21141111 8971125230 40 401412213                        230
3101428971220  2230  21142322 9999999  2230 409299993                        230
1101228971220  2230  21141111 8971113230 40 401412213                        230
3  131898 116  22301771211313                                                230
310241898 123  2230 401114113                                                230
310271898 125  2230 401211313                                                230
3  272898 126  2230  21142121 8989999230  2  21211313                        230
310231898 199  22301771311313                                                230
310251898 199  2230 401114113                                                230
2  352898 210  2230  21143121 8989999230  22301112719                        230
1  411898 211  2230 401112111                                                230
1  391898 211  22302301112111                                                230
1  371898 211  2230  21112111                                                230
1  513898 212  2230 401141111 898 212230  2 401142121 898 0 0230  29981612161230
1  491898 212  2230 401112111                                                230
310331898 213  2230 401114113                                                230
2  523898 214  22302301143121 8989999230  22301141113 8989999230  2  21114719230
1  601898 216  2230  21112111                                                230
1  701898 217  22302301112111                                                230
1  643898 217  2230  21142121 8989999  2230  21641113 8989999230  2  21114719230
1  653898 217  2230  21141111 898 217230  22301141113 8989999230  2  21114719230
1  781898 218  2230  21112111                                                230
1  743898 218  22302301141111 8989999230  29981741113 898 215999  2 401117123230
1  761898 218  2230 401112111                                                230
1  721898 218  22302301112111                                                230
2  822898 219  2230  21642121 8989999230999 401212342                        230
210372898 219  2230  21642111 898 217  2999 402212342                        230
310401898 220  2230 401114113                                                230
1  861898 222  22302301112111                                                230
310411898 225  2230 401114113                                                230
3  931898 226  22307201211333                                                230
3  941898 226  2230  21211313                                                230
3  971898 228  2230  21211333                                                230
1 1031898 3 5  2230  21112111                                                230
9 1052898 3 6  2230  21642121 8989999  2 40  21112719                        230
4 1092898 3 8  2230  21141114 8989999  2 40 401211121                        230
1 1181898 310  2230  21112111                                                230
1 1231898 311  2230  21112111                                                230
1 1271898 312  2230  21112111                                                230
3 1241898 312  2230  21311313                                                230
1 1301898 313  2230  21112111                                                230
1 1412898 316  2230  21141111 898 316  2230  21311313                        230
3 1381898 316  2230  21311313                                                230
210552898 322  2230  21143312 898 324230 40 401112521                        230
210532898 322  2230  21143312 898 324230 40 401112521                        230
3 1521898 322  22301771311313                                                230
910542898 322  2230  21142312 898 324  2230  21212719                        230
910562898 323  2230  21142312 898 324  2230  21212719                        230
3 1562898 324  2999  21141113 898 324230  2  61211313                        230
1 1591898 325  22302301112111                                                230
3 1631898 326  2230  21211353                                                230
210572898 327  2230  21143111 898 328230 40 401511533                        230
210602898 327  2230  21143121 8989999230 40 401223111                        230
210582898 327  2230  21143121 8989999230 40 401212111                        230
210592898 327  2230  21143121 8989999230 40 401412213                        230
210613898 327  2230  21143121 8989999230  22301142411 89810 1  2 40 401212142230
1 1751898 328  22302301112111                                                230
1 1711898 328  2230  21112111                                                230
310522898 328  2230  21141113 898 215230  22301111523                        230
2 1832898 329  22302301143111 898 329230 40 401511533                        230
1 1811898 329  22302301212121                                                230
2 1822898 329  22302301143121 8989999230 40 401132151                        230
3 1921898 331  22302301512121                                                230
3 1622898 399  2230  21141113 8989999230 40 401711533                        230
310441898 399  2230 401311313                                                230
310471898 399  2230  21311313                                                230
310451898 399  22301771311313                                                230
1 1971898 4 1  2230  21112111                                                230
3 2191898 4 5  2230 401211413                                                230
3 2181898 4 5  22301771311313                                                230
1 2391898 4 9  22302301112111                                                230
3 2431898 4 9  2230 401412161                                                230
3 2721898 415  2230  21311313                                                230
3 2861898 418  2230  21311313                                                230
3 2891898 419  2230  21311313                                                230
311141898 420  2230 201111313                                                230
211032898 420  2230  21143121 8989999230 40 401132151                        230
2 2942898 420  2230  21143111 898 423230 40 401511653                        230
211042898 420  2230  21143221 8989999230 40 401511653                        230
3 2952898 420  2230  21142311 898 423  22309981211533                        230
3 3011898 422  22301771211433                                                230
3 3021898 422  22301711111423                                                230
311091898 422  2230 401211433                                                230
3 3031898 423  2230  21311313                                                230
311231898 424  22308401211313                                                230
3 3061898 424  22301711111423                                                230
3 3111898 425  2230  21112363                                                230
311291898 426  2230  21321133                                                230
3 3141898 426  2230 401211533                                                230
3 3121898 426  22301711111423                                                230
311331898 427  2230 401111523                                                230
3 3271898 430  22308401111633                                                230
211343898 499  2230  21143121 8989999230  22301642121 8989999230  22301112213230
3 3281898 5 1  22308401211433                                                230
312241898 5 1  22308401111523                                                230
2 3292898 5 3  22308401143121 8989999230  28401111621                        230
3 3311898 5 4  22308401211653                                                230
311401898 511  2230 401111523                                                230
311371898 511  22308401111523                                                230
311411898 512  2230  61111523                                                230
3 3371898 514  2230 401111633                                                230
311431898 518  2230 401111523                                                230
111441898 520  2230 401411663                                                230
3 3391898 529  22301771311433                                                230
311511898 531  2230 401111523                                                230
311491898 599  2230  21211993                                                230
311521898 6 3  2230 401111523                                                230
3 3461898 6 3  22301771311433                                                230
3 3591898 6 6  2230 401211653                                                230
3 3611898 6 7  2230 401111633                                                230
3 3631898 6 8  2230 401111633                                                230
311541898 6 8  2230 401311433                                                230
3 3661898 610  2230 401311653                                                230
311551898 610  2230 401111523                                                230
3 3701898 614  2230 401111633                                                230
3 3711898 615  2230 401311653                                                230
3 3731898 615  2230 401111633                                                230
3 3841898 622  2230 401221143                                                230
311561898 622  2230 401111523                                                230
3 3851898 622  22301771311433                                                230
3 3861898 624  2230 401111633                                                230
3 3871898 627  2230 401311653                                                230
311581898 627  2230  61211433                                                230
311571898 627  2230 401311433                                                230
3 3891898 7 1  2230 401111633                                                230
3 3901898 7 2  2230 401111633                                                230
311631898 7 3  22308401111523                                                230
311642898 7 3  2230  21142111 898 7 3  2230 401111523                        230
3 3921898 7 4  2230 401311663                                                230
3 3911898 7 4  2230 401111633                                                230
3 3941898 7 5  22308401321143                                                230
1 3961898 7 6  2230 401411663                                                230
311672898 7 9  2230  21142111 898 7 9  2230 401111523                        230
311681898 711  2230 401111523                                                230
311691898 713  2230 401311433                                                230
311701898 713  2230 401111633                                                230
3 3981898 714  2230 401311653                                                230
3 3992898 714  2230  21142111 898 714  2230  61211653                        230
3 4011898 716  2230 401311663                                                230
3 4021898 716  22308401321143                                                230
3 4031898 717  22308401321143                                                230
311731898 718  2230 401111523                                                230
311771898 719  22308401211533                                                230
1 4042898 720  2230  21142121 8989999  2230 401411663                        230
311801898 721  2230 401111523                                                230
3 4091898 725  2230  61271553                                                230
311791898 725  2230  61211533                                                230
3 4141898 727  2230  61211653                                                230
3 4151898 728  2230  61111633                                                230
211862898 730  2230  21143121 8989999230  2  61132111                        230
211832898 730  2230  21143121 8989999230 40 401132151                        230
211852898 730  2230  21143111 898 899230  6  61511653                        230
211842898 730  2230  21143111 898 899230 40 401511653                        230
211872898 730  2230  21143121 8989999230  22301142121                        230
3 4161898 731  2230  61311653                                                230
3 4171898 8 4  2230  61311653                                                230
3 4191898 8 6  2230  61311653                                                230
311952898 8 7  2230  21142111 898 8 8  22308401111523                        230
3 4201898 8 8  2230  61311653                                                230
2 4232898 810  2230  21143221 8989999230  2 401132111                        230
2 4252898 810  2230  21143221 8989999230  28401132111                        230
1 4262898 810  2230  21142221 8989999  2230 401511653                        230
1 4272898 810  2230  21142221 8989999  2230  61511653                        230
2 4292898 810  2230  21143221 8989999230  29981511533                        230
3 4301898 810  2230  61111633                                                230
2 4242898 810  2230  21143221 8989999230  2  61132111                        230
1 4282898 810  2230  21142221 8989999  22309981511533                        230
3 4311898 811  2230  61111633                                                230
112001898 812  22309991112521                                                230
112062898 812  2230  21142111 89810 1  22302201212121                        230
1 4382898 812  2230  21142121 8989999  22302201212121                        230
1 4332898 812  2230  21142111 898 813  22309981511533                        230
312091898 813  22308401111523                                                230
3 4431898 813  22308401111643                                                230
312101898 813  22308401111633                                                230
3 4451898 813  22308401211653                                                230
1 4391898 813  2230 401511533                                                230
1 4471898 814  2230  61511533                                                230
312251898 814  22308401311653                                                230
150111898 816  22308401511533                                                230
111921898 818  2230  21212121                                                230
112131898 822  2230  21223151                                                230
311901898 899  2230  21512121                                                230
112141898 912  22309991212121                                                230
11217189810 1  22302201212121                                                230
21233289810 3  2230  21143121 8989999230  2  61232111                        230
21232289810 3  2230  21143121 8989999230  2 401232111                        230
21234289810 3  2230  21143121 8989999230  29851232111                        230
31231389810 3  2230  21141113 89810 1230  22301143129 8989999  22309999999999230
3123828981011  2230  21642121 8989999  2 40 401223131                        230
3123918981012  22302201512121                                                230
3124118981018  2230  61211653                                                230
1124518981024  22302201212121                                                230
1124818981026  22302201112521                                                230
2125028981031  2230  21143121 8989999230  28401232111                        230
1125128981031  2230  21142221 8989999  28408401223131                        230
9125528981121  2230  21142422 8989999  22308401292999                        230
1125618981122  22302201112111                                                230
9125828981122  2230  21142422 8989999  22308401292999                        230
1126118981210  22302201112521                                                230
1126418981210  22302301123231                                                230
3122118981210  22302201512121                                                230
1122318981211  2230  21511423                                                230
112661899 2 6  2230  21112521                                                230
112691899 411  22309991112521                                                230
211503898 599  2235  21143121 89899992352302351642121 89899992352304001131121235
1 3441898 6 3  22552551112121                                                255
311762898 799  2255  21142111 898 7992552308401111413                        255
311742898 799  2255  21141113 898 7992552308401212121                        255
110821898 4 6  2328  21212111                                                328
1 3081898 499  28408301212111                                                840
3 3101898 499  28408301512111                                                840
1 3411898 530  28408401221111                                                840
1 3601898 6 6  28408401321111                                                840
1 2111898 4 5  29982301112111                                                998
1 2291898 4 7  2998  21112111                                                998
1 2691898 414  2998  21112121                                                998
1 2901898 419  2998  21112111                                                998
111942898 899  2998  21642121 898 899  2998  61111523                        998
11011289712 6  2999  21642121 9999999  2 40 401223143                        999
31010289712 6  2999  21642111 8971299  2 40 401212161                        999
3  212898 124  2999  21142121 898 125  2230 401211313                        999
3  453898 212  2999  21142121 8989999  2999  21741113 8989999230  2  21114719999
3  592898 216  2999  21142121 8989999  2230 401311313                        999
1  583898 216  2999  21642121 8989999  2999  21141113 898 215999  2 401114123999
4 4753898 218  2999  21141114 8989999  2999  21141113 898 215999  2 401114122999
4  832898 219  2999  21141114 8989999  2230  21311313                        999
210381898 220  2999 401212342                                                999
4  853898 222  2999  21141114 8989999  2230  21142121 8989999  22309981211533999
210491898 325  2999 401512342                                                999
3 1572898 325  2999  21141113 898 215999  2 401114123                        999
1 1672898 327  29992301141211 8989999  22309981611533                        999
4 2023898 4 3  2999  21141114 8989999  2328  21143121 89899993289989991212142999
111062898 420  2999  21642121 8989999  2 40 401132143                        999
311052898 420  2999  21142421 8989999  2230 401211533                        999
111102898 422  2999  21142121 8989999  22301091612223                        999
311262898 425  2999  21142111 898 425  22309991211533                        999
2 3152898 426  2999  21141112 898 426  22309981211533                        999
111282898 426  2999  21141111 898 499  22301771111423                        999
1 3692898 613  2999  21641111 8989999  22301771711433                        999
3124728981025  2999  21642121 8989999  2 40 401223131                        999
3125428981121  2230  21642121 89899999999989991212141                        999
31260289812 7  2999  21141113 898 215999  2 401111523                        999
1   318971231 40  2 401114251                                                  2
2 1443898 317 40  2  21143121 8989999  2230  21642121 8989999230 40 402732132  2
2 1432898 317 40  2  21142121 8989999 40230 401132152                          2
1 2442898 4 9 40  2  21142211 898 410 40230 401514133                          2
2 2452898 4 9 40  2  21143211 898 410  2230  21212152                          2
110962898 411 40  2 401142421 8989999 40230 401511533                          2
1 3043898 423 40  2  21141111 898 420  2230  21143111 898 423230 40 401511653  2
1 3831898 620 40  2 401111131                                                  2
1 4051898 720 40  2  21114151                                                  2
3   11895 299 40230 401214133                                                230
310221898 112 40230 401114223                                                230
3  101898 113 40230 401114223                                                230
3  261898 126 40230 401111633                                                230
310211898 199 40230 402111673                                                230
310201898 199 40230 402112173                                                230
3  311898 2 2 40230 401111633                                                230
3 1111898 3 9 40230 401111633                                                230
2 1262898 312 40230  21143121 8989999230 40 401132151                        230
1 1503898 319 40230  21141111 898 319230 40 401143121 8989999 40230 401114151230
1 1471898 319 40230  21114151                                                230
2 1792898 328 40999 401642121 8989999230 40 401732132                        230
2 1852898 329 40999  21642111 898 329230 40 401732132                        230
3 2062898 4 4 40230  21642321 8989999 40230 401514133                        230
2 2052898 4 4 40230  21143121 8989999230 40 401132151                        230
3 2372898 4 7 40999  21642121 8989999230 40 401732151                        230
3 2422898 4 9 40230  21642111 898 410 40230 401514133                        230
3 2502898 410 40999  21141113 898 410230 40 401511533                        230
210972898 411 40230 401143221 8989999230 40 401511653                        230
3 3401898 530 40230 401111633                                                230
3 4081898 724 40230 401111633                                                230
1 4421898 813 40230 401514133                                                230
1 1311898 314140  2  21121121                                                  2
110481898 314140  22001121121                                                  2
110721898 499140  2  21121121                                                  2
1 1001898 3 41402302301121121                                                230
4 1352898 3151559991551141114 89899991552302301121121                        999
310261898 199200  2 401111423                                                  2
1 1451898 317200  2  21121121                                                  2
1 2081898 4 4200  22301112111                                                  2
210832898 4 6200  22002143121 8989999  2230 401611533                          2
111151898 420200  2 201131121                                                  2
211162898 423200  22001143111 898 423  22002001411313                          2
311131898 423200  22001123163                                                  2
311171898 424200  22001223163                                                  2
311271898 426200  22001123163                                                  2
111111898 499200  2  21121121                                                  2
110702898 499200  22001142111 898 499200  2 201131121                          2
111601898 7 1200  26511123121                                                  2
11220189812 8200  22001523163                                                  2
1 1151898 3102002302301112111                                                230
4 1163898 3102002302301141114 898 3 8200  2  21142121 89899992009989991212142230
1 1661898 3272002302001112111                                                230
210892898 4 82002302002143122 89899992309999999999999                        230
1 3771898 6182002302301112111                                                230
311622898 7 22002302001642121 898 7 22002306511123121                        230
111661898 7 62002306511131121                                                230
1 2301898 4 7200998  21112111                                                998
1 2681898 414200998  21112121                                                998
1 2781898 4162009982001112121                                                998
1 2621898 4192009982301112121                                                998
2 2202898 4 52009992001642121 89899992009989991212142                        999
211311898 4262009992001112362                                                999
2 3191898 4272009992001112362                                                999
2 4072898 7222009992001142121 89899992009989991612142                        999
311422898 5142102302101642111 898 5142102301091123121                        230
2 3181898 4272109992101112362                                                999
211251898 4252129992121112362                                                999
1 1731898 328220  2  21112111                                                  2
4 2042898 4 4220  22201141214 89899992209989991212142                          2
210842898 4 6220  22202143121 8989999  2230 401611533                          2
1 3341898 514220  2 661131121                                                  2
3 3362898 5142202202201141113 898 514220  2 661131121                          2
2 4112898 726220  2  21143121 8989999  22309981511533                          2
1 4131898 726220  2  21212121                                                  2
1 4211898 810220  2  21112521                                                  2
1 1071898 3 82202302301121121                                                230
1 1681898 3272202302301112111                                                230
1 1881898 3302202302301121121                                                230
1 2161898 4 52202302201112111                                                230
210902898 4 82202302202143122 89899992309999999999999                        230
1 2271898 4 72209982301112121                                                998
1 2631898 414220998  21112121                                                998
1 2601898 4142209982301112121                                                998
1 3491898 6 12209982551212121                                                998
3 3541898 6 52209982551512121                                                998
1 2311898 9 7220998  21112111                                                998
211321898 4272209992201112362                                                999
2 3261898 4282209992201112362                                                999
2 3201898 4272259992251112362                                                999
310282898 125230  22301142121 8989999230  2  21211313                          2
3  302898 129230  22301142121 8989999230  2  21211313                          2
310181898 199230  2 401111423                                                  2
110292898 2 1230  22301642122 8999999230002 409299993                          2
1  322898 2 5230  2 401142111 898 2 5  2 40 401323111                          2
3  342898 2 6230  22301642121 8989999230 40 401511533                          2
3  332898 2 6230  22301142121 8989999230  2  21311313                          2
310312898 2 8230  22301141123 8989999  22309999299993                          2
3  402898 211230  22301141113 8989999230  2  21114719                          2
1  432898 211230  2 401141111 8989999  2230 401711313                          2
1  381898 211230  22301112111                                                  2
7  361898 211230  2  21112117                                                  2
1  421898 211230  2 401112111                                                  2
1  502898 212230  2 401642121 8989999230  29981412161                          2
1  471898 212230  2 401233131                                                  2
1  481898 212230  2 401112111                                                  2
1  533898 214230  22301642121 8989999230  22301141113 8989999230  2  21114719  2
210352898 216230  22301143211 898 217  2999 402212342                          2
1  611898 216230  2  21112111                                                  2
210362898 216230  22301142211 898 217230999 402211342                          2
1  691898 217230  22301112111                                                  2
3  632898 217230  22301141113 8989999230  2  21114719                          2
1  791898 218230  2  21112111                                                  2
1  731898 218230  22301112111                                                  2
3  811898 218230  2 401211313                                                  2
2  713898 218230  2 401143121 8989999  2230  21142121 8989999230999 401212342  2
1  771898 218230  2 401112111                                                  2
1  871898 222230  22301112111                                                  2
3  912898 225230  22301142221 8989999230  29981211533                          2
2  902898 225230  22301143122 8989999  22309999699993                          2
4  892898 225230  2  21141114 898 215230  2 401114123                          2
3  951898 226230  22301211313                                                  2
310321898 299230  2  21412161                                                  2
1 1021898 3 5230  2  21112111                                                  2
2 1042898 3 6230  22301143121 8989999  2 40  21112719                          2
3 1063898 3 7230  22301142121 8989999230  22301643121 8989999  2 40  21112719  2
1 1171898 310230  2  21112111                                                  2
1 1192898 310230  22301142121 8989999  2 40 401733131                          2
1 1212898 311230  2  21142121 8989999230  29981611333                          2
1 1221898 311230  2  21112111                                                  2
1 1202898 311230  2  21141111 898 1 1230 40 401432132                          2
1 1281898 312230  2  21112111                                                  2
1 1291898 313230  2  21114151                                                  2
1 1332898 314230  22301141111 898 314230  2 401211313                          2
3 1321898 314230  2 401311313                                                  2
3 1392898 316230  22301141113 898 316  2230  21311313                          2
3 1462898 317230  22301642221 8989999230  2  21123241                          2
3 1551898 324230  2  61211313                                                  2
1 1601898 325230  22301112111                                                  2
3 1611898 325230  2  61311313                                                  2
1 1761898 328230  22301112111                                                  2
1 1703898 328230  22301141111 898 399  2230  21141113 8989999230 40 401711533  2
1 1721898 328230  2  21112111                                                  2
1 1801898 329230  22301212121                                                  2
3 1861898 330230  2 401311313                                                  2
3 1871898 330230  22301211353                                                  2
110642898 330230  22301142111 898 330230 40 401223111                          2
3 1911898 331230  22301512121                                                  2
310461898 399230  22301221333                                                  2
310432898 399230  22301141213 898 399  2 40 401322111                          2
3 1942898 4 1230  22301642121 8989999230 40 401511533                          2
3 1951898 4 1230  21771211313                                                  2
3 1932898 4 1230  22301642121 8989999230 40 401132151                          2
1 1981898 4 1230  2  21112111                                                  2
210783898 4 3230  22301143321 8989999  2328  21142421 8989999328 40 401212142  2
2 2003898 4 32309992301141112 8989999  2328  21143121 89899993289989991212142  2
1 2032898 4 42309992301141111 898 329  22302301212121                          2
3 2173898 4 5230  22301141113 898 4 32309992301141211 89899993289989991212142  2
3 2221898 4 7230  21771311313                                                  2
3 2382898 4 9230  22301142121 8989999230  2  61311313                          2
1 2401898 4 9230  22301112111                                                  2
1 2492898 410230  2  21141111 898 410230 40 401511533                          2
2 2483898 410230  22301143121 8989999  2999  21142121 89899999999989991212142  2
3 2511898 411230  22301114213                                                  2
3 2541898 412230  24021211353                                                  2
311002898 4122309992301141113 8989999  2230 409299993                          2
3 2531898 412230  22301311353                                                  2
3 2551898 413230  22301114213                                                  2
3 2582898 414230  22301142121 8989999230  22301311313                          2
3 2701898 415230  22301114223                                                  2
3 2741898 416230  22301114223                                                  2
3 2791898 417230  2  21111413                                                  2
3 2811898 418230  22301114213                                                  2
1 2802898 418230999  21141111 8989999  2230 401511353                          2
3 2831898 418230  24101211313                                                  2
3 2822898 418230  22301141113 898 418230  22301114213                          2
3 2852898 4182309992301141113 8989999  2 40 401723111                          2
4 2872898 418230  2  21141114 898 215230  2 401114123                          2
3 2881898 419230  22301114223                                                  2
2 2923898 420230  22301143121 8989999  2230  21643121 8989999230 40 401511653  2
3 2932898 420230  22301142221 8989999230  2  21512161                          2
3 2961898 420230  2  21412161                                                  2
311071898 420230  2  21512161                                                  2
3 2971898 421230  22301112173                                                  2
3 2981898 421230  22301114223                                                  2
3 3002898 421230  22301642121 8989999230 40 401511653                          2
311083898 421230  22301141113 898 420  2230  21142421 8989999  2230 401211533  2
3 2993898 421230  22301141113 898 420  2230  21143111 898 423230 40 401511653  2
311182898 423230  22301141113 898 422  22301771111423                          2
311212898 423230  22301142111 898 423230  29991211533                          2
311201898 423230  2  21523241                                                  2
3 3051898 424230  29981512161                                                  2
320011898 426230  2 401211533                                                  2
3 3131898 426230  29981211533                                                  2
311301898 499230  22301221133                                                  2
111352898 499230  22301642121 8989999230  22301112213                          2
3 3332898 5102309992301141113 898 430  22308401111633                          2
311392898 511230  22301141113 898 511  2230 401711433                          2
311383898 511230  22301141113 898 425  2999  21142111 898 425  22309991211533  2
111451898 520230  2 401411663                                                  2
311462898 5212309982301141113 8989999  22309999799993                          2
311471898 522230  2 401211433                                                  2
3 3421898 531230  22301321133                                                  2
311481898 599230  2 401311433                                                  2
3 3582898 6 52309992301141113 8989999  22309991712223                          2
311532898 6 6230  22301141113 8989999  2230 401111523                          2
3 3802898 620230  22301142121 8989999230  2 401711663                          2
1 3951898 7 6230  2 401411663                                                  2
1 4002898 7162309992301141211 8989999  22309981511653                          2
211812898 722230  22301143221 8989999  22309981511533                          2
111822898 722230  22301142221 8989999230  29981511533                          2
315111898 725230  2  61211533                                                  2
111931898 8 4230  2  21212121                                                  2
111962898 8 7230  22301142121 8989999230 40 401132151                          2
311982898 8 7230  22301142121 8989999  28408401111653                          2
111972898 8 7230  22301142121 8989999230  2  61132111                          2
311911898 811230  2  21512121                                                  2
112022898 812230  22301142121 898 899230 40 401511653                          2
112052898 812230  22301142111 89810 1230  22201212121                          2
112042898 812230  22301142121 898 899230  2  61132111                          2
112081898 812230  29981511533                                                  2
3 4362898 812230  22301142121 8989999  22308401211653                          2
112012898 812230  22301142121 8989999230 40 401132151                          2
1 4352898 812230  22301142111 898 912230 40 401132151                          2
1 4342898 812230  22301142111 898 912230  2  61132111                          2
112032898 812230  22301142121 898 899230  6  61511653                          2
111991898 812230  29991112521                                                  2
1 4322898 812230  22301142111 898 813230  29981511533                          2
1 4372898 812230  22301142121 8989999230  22201212121                          2
1 4441898 813230  28401111621                                                  2
1 4401898 813230  2 401511533                                                  2
112111898 814230  28401111621                                                  2
1 4461898 814230  2  61511533                                                  2
112121898 822230  22301223151                                                  2
112151898 912230  29991212121                                                  2
21228389810 1230  22301143121 8989999  28409991143121 89899998402308401511663  2
21226289810 1230  22301143129 9999999  22308409292991                          2
21230289810 1230  22301143121 8981099  22308401511663                          2
11216189810 1230  22201212121                                                  2
21229289810 1230  22301143129 8989999  22309991211991                          2
11235289810 7230  22301142221 8989999230  2  61232111                          2
21237289810 7230  22301143221 8989999  2 40 401223131                          2
11236289810 7230  22301142221 8989999230  2 401232111                          2
3124018981012230  22201512121                                                  2
1129418981024230  22201212121                                                  2
1124918981026230  22201112521                                                  2
3125238981031230  22301141113 8981031  2230  21143121 8989999230  28401232111  2
2125328981116230  22301143121 89899999999989991212141                          2
1125718981122230  22201112111                                                  2
9125928981128230  22301142122 89899992309999999992999                          2
1126218981210230  22201112521                                                  2
1126318981210230  29981132111                                                  2
3122218981210230  22201512121                                                  2
1121918981299230  2  21123231                                                  2
112651899 1 1230  2 401132111                                                  2
112671899 319230  22301112521                                                  2
112681899 411230  29991112521                                                  2
1121818981024230  6  61511653                                                  6
3   21895 299230 40 401211533                                                 40
1100118971113230 40 401412213                                                 40
1100318971125230 40 401412213                                                 40
2   41898 1 1230 40 401432132                                                 40
110161898 1 1230 40 401412213                                                 40
3   61898 1 2230 40 401211663                                                 40
3   91898 1 9230 40 401311663                                                 40
3  112898 1132309992301141113 8989999 40230 401714133                         40
3  121898 114230 40 401212213                                                 40
3  171898 120230 40 401111633                                                 40
3  181898 120230 40 401311663                                                 40
3  191898 121230 40 401111633                                                 40
3  251898 125230 40 401111633                                                 40
3  281898 127230 40 401111633                                                 40
1  462898 212230 40 401142121 8989999230 40 401212121                         40
3  881898 224230 40 401321143                                                 40
3  981898 228230 40 401111633                                                 40
3 1131898 3 9230 40 401111633                                                 40
3 1101898 3 9230 40 401321143                                                 40
2 1492898 319230 40 401143121 8989999 40230 401114151                         40
1 1481898 319230 40  21112111                                                 40
3 1541898 323230 40 401111633                                                 40
3 1842898 329230  2 401141213 8989999 40230 401214223                         40
110631898 330230 40 401223111                                                 40
110621898 330230 40 401412213                                                 40
1 1901898 331230 40 401412213                                                 40
2 1992898 4 3230 40 401143121 8989999 40230 401514133                         40
110951898 4 9230 40 401511533                                                 40
1 2412898 4 9230 402301142111 898 410230 40 401511533                         40
1 2461898 410230 40 401511533                                                 40
1 4411898 813230 40 401511533                                                 40
3 3162898 426230 982301141113 898 426230  29981211533                         98
3 1402898 316230  22301141113 898 314140  2  21121121                        140
1 1141898 3102302002301112111                                                200
1 1651898 3272302002001112111                                                200
1 3781898 6182302002301112111                                                200
1 1691898 3272302202301112111                                                220
1 2151898 4 52302202301112111                                                220
3 3352898 5142302202301141113 898 514220  2 661131121                        220
211723898 7182302202301143121 8989999220  22201143421 8989999  22309981511533220
211783898 7202302202301143111 898 720220  22201143421 8989999  22309981511533220
2 4103898 7262302202301143121 8989999220  22201143121 8989999  22309981511533220
210802898 4 32303282301143421 8989999  2230 401511313                        328
210772898 4 32303282301142421 8989999328 40 401212142                        328
1 2013898 4 32309992301141211 89899993289993281142121 89899993289989991212142328
110792898 4 32303282301142421 8989999230 40 401511533                        328
3 3302898 5 32303282301142121 8989999230  29981711533                        328
2 3643898 6102303282301143121 89899993289983281143121 89899999982309991212142328
3   72898 1 32307992301142121 8989999230 40 401321143                        799
31227289810 1230  22301141113 89899998402308401714133                        840
1 2141898 4 52309982301112111                                                998
1 2231898 4 72309982301112121                                                998
1 2611898 4142309982301112121                                                998
1 2761898 4162309982001112121                                                998
111012898 4182309982301141111 8989999230  2  09299993                        998
111362898 599230  22301142421 89899999989988401233111                        998
1  242898 1252309992301141211 8989999230 40 401511533                        999
3  292898 1272309992301142121 8989999230999 401311313                        999
1  443898 2122309992301642121 89899992309992301741113 8989999230  2  21114717999
3  541898 214230999 401311313                                                999
3  572898 216230  2 401141113 898 215999  2 401114123                        999
3  562898 216230  22301141113 898 215999  2 401114123                        999
3  622898 216230  2  21141113 898 215999  2 401114123                        999
3  662898 217230  2 401141113 898 215999  2 401114123                        999
3  672898 217230  22301141113 898 215999  2 401114123                        999
3  802898 218230  2  21141113 898 215999  2 401114123                        999
210391898 220230999 401212342                                                999
2  962898 2272309992301642121 89899999992309991212142                        999
3 1012898 3 42309992301142121 8989999230999 401311313                        999
1 1082898 3 82309992301642121 8989999230999 401311313                        999
3 1422898 3162309992301642121 8989999230999 401132121                        999
4 1513898 320230999  21141114 8989999230 402301142121 8989999230 409991112111999
4 1532898 3232309992301141114 898 215230  2 401114123                        999
4 1582898 325230  22301141114 898 215999  2 401114123                        999
1 1642898 3262309992301141211 8989999230  29981611533                        999
210501898 399230999 401512342                                                999
410512898 3992309992301141114 898 215230  2 401111523                        999
3 2472898 410230  22301141113 898 215999  2 401114123                        999
111192898 4232309992301142121 8989999230  21091612223                        999
311222898 4242309992301142111 898 424230  29991211533                        999
3 3382898 5222309992301142121 8989999230  29981711533                        999
4 3752898 6172309992301141114 8989999230  2 401211673                        999
4 3762898 6172309992301141214 89899992302558401132111                        999
3 4182898 8 5230999  61142121 8989999230  2  61711533                        999
2 3251898 4282359992351112362                                                999
2 1772898 328255  22551142121 89899992559989991612142                          2
210872898 4 6255  22552143121 8989999  2230 401611533                          2
1 3322898 5 72559992551141111 898 430  22308401111633                          2
7 3431898 6 3255  22551112117                                                  2
4 3452898 6 3255  22551141114 8989999255  22559992993                          2
1 3722898 615255  22551142121 8989999255  28401611993                          2
311711898 715255  28401111313                                                  2
2 1782898 3282552302551142121 89899992559989991612142                        230
210932898 4 82552302552143122 89899992309999999999999                        230
1 2751898 4162552302301121121                                                230
311751898 7992552308401111413                                                230
1 3512898 6992553652551642121 89899992559989992211993                        365
1 2091898 4 52559982301112111                                                998
1 2131898 4 52559982301112111                                                998
1 2321898 4 7255998  21112111                                                998
1 2261898 4 72559982301112121                                                998
1 2641898 414255998  21112121                                                998
1 3471898 6 12559982551212121                                                998
3 3521898 6 92559982551512121                                                998
3 3931898 7 52559988401211313                                                998
4 1252898 3122559992551141214 89899992552302301221981                        999
4 1343898 3142559992551141114 898 3 7255  22551642121 8989999  2230 401132143999
4 2842898 4182559992551141114 8989999255  22559292993                        999
2 3741898 6162559992551112362                                                999
4 3792898 6182559992551141214 89899992552309991221111                        999
210852898 4 6300  23002143121 8989999  2230 401611533                          2
210912898 4 83002303002143122 89899992309999999999999                        230
2 2712898 4153002303001143121 8989999230  29981211533                        230
1 2121898 4 53009982301112111                                                998
1 2101898 4 53009982301112111                                                998
1 2331898 4 7300998  21112111                                                998
1 2651898 414300998  21112121                                                998
1 2771898 4163009982001112121                                                998
2 3652898 6103009993001642121 89899993009989991212142                        999
1 1891898 330325  2  21121121                                                  2
1 1961898 4 1325  2  21121121                                                  2
210882898 4 6325  23252143121 8989999  2230 401611533                          2
210942898 4 83252303252143122 89899992309999999999999                        230
1 2351898 4 7325998  21112111                                                998
1 2241898 4 73259982301112121                                                998
1 2661898 414325998  21112121                                                998
211241898 4253259993251112362                                                999
2 3171898 4273259993251112362                                                999
1 2732898 4163282203281641211 9999999  22309981111533                          2
1 1373898 315328  23281142121 8989999328  23281643121 8989999  22309981111533  2
210742898 4 2328  23281142221 8989999328 40 401212142                          2
110811898 4 6328  2  21212111                                                  2
1 1363898 3153282303281142121 89899993282303281643121 8989999230  29981111533230
210762898 4 23282303281143121 8989999230 40 401511533                        230
210752898 4 23282303281142221 8989999328 40 401212142                        230
2 2212898 4 63282303281143121 8989999230 40 401511533                        230
1 2522898 4123282303281141111 898 410230 40 401511533                        230
1 2732898 4163282203281641211 9999999230  29981111533                        230
1 3673898 6133282303281142121 89899993289983281143121 89899999982309991212142230
2 3972898 7143282303281143121 8989999230  29981111621                        230
2 2563898 4143283003281143121 8989999300  23001643121 8989999  22309981111533300
2 2573898 4143283003281143121 89899993002303001643121 8989999230  29981111533300
1 2591898 4143289982301112121                                                998
210862898 4 6365  23652643121 8989999  2230 401111533                          2
2 3573898 6 5365  23651143121 8989999  2998  21143121 8989999998  29991212142  2
2 3552898 6 5365  23651143121 8989999  22309981511533                          2
2 4492898 6993652202551143121 89899992209989992219993                        220
210922898 4 83652303652143122 89899992309999999999999                        230
2 3562898 6 53652303651143121 8989999230  29981511535                        230
2 4482898 6993652552551143121 89899992559989992219993                        255
1 2251898 4 73659982301112121                                                998
1 2341898 4 7365998  21112111                                                998
1 2671898 414365998  21112121                                                998
1 3481898 6 13659982551212121                                                998
3 3531898 6 53659982551512121                                                998
2 3211898 4273659993651112362                                                999
2 3231898 4273809973801112362                                                997
2 3221898 4273859993851112362                                                999
3 3882898 6306512306511642121 89899996512306511131121                        230
1 3071898 499840  28301214151                                                  2
3 3091898 499840  28301514151                                                  2
3 3621898 6 88402308401111633                                                230
211591898 6128402308401132152                                                230
2 3681898 6128402308401132152                                                230
3 3811898 6208402308401111633                                                230
2 2362898 4 7998  2  21143121 8989999  22309981611533                          2
1 2911898 419998  2  21112111                                                  2
211653898 7 4998  29981143111 898 7 4  2999  21142111 898 7 4  2230 401111523  2
211883898 899998  29981143121 898 899  2999  22642421 898 899  2998  61111523  2
2 2282898 4 79982302301143121 8989999230  29981611533                        230
211893898 8999982309981143121 898 8992309992302642421 898 899230998  61111523230
310341898 215999  2 401111523                                                  2
3  551898 215999  2 401114123                                                  2
2124628981025999  29991143421 8989999  2 40 401223131                          2
