146131939 623  22002001323151                                                200
141721939 127  22202201121121                                                220
141921939 214  22202201121121                                                220
3404619381112  2255  21114123                                                255
3404719381114  22552551412161                                                255
3404829381114  2255  21141113 99999992559992551712213                        255
3405119381115  2255  21114213                                                255
3404929381115  2255  21141113 99999992559992551712213                        255
3405919381119  2255  21114213                                                255
3406119381121  2255  21114213                                                255
2407529381125  2255  21143121 99999992553002551123231                        255
3407619381126  22552551412161                                                255
3410219381212  2255  21114213                                                255
2411029381215  22552551143121 9999999255  22551612213                        255
3411739381222  2255  21141113 93899992559992551741113 9999999  32559991999993255
341581939 118  2255  21321133                                                255
341941939 215  2255  21321133                                                255
342021939 220  22559851211313                                                255
342842939 317  2999  21141113 939 3162553173171132142                        255
342832939 317  2999  21141113 939 3142553153151132143                        255
342871939 318  22552551423151                                                255
343052939 320  2255  21141113 938 3142553153151132143                        255
343432939 324  2999  21141113 939 3142553153151132143                        255
343461939 325  2255  21113213                                                255
343991939 4 6  22552551423151                                                255
144413939 415  2999  21141211 99999992559992551142121 99999992559999991611993255
344721939 422  22552551423151                                                255
344761939 426  2255  21323133                                                255
244832939 427  22553251143121 9999999255  29092212111                        255
345041939 5 1  2255  21321133                                                255
346801939 810  2255  21323133                                                255
147312939 824  2999  21141211 99999992552902091611533                        255
147352939 824  2999  21141211 99999992552902091212121                        255
247422939 825  22552551143121 99999992552902091212121                        255
147322939 824  2999  21141211 99999992902552091611533                        290
147362939 824  2999  21141211 99999992902552091212121                        290
343981939 4 6  23173171423151                                                317
141381939 1 4  23253251112111                                                325
344072939 4 8  2999  21141113 939 4 73253393391111523                        325
144423939 415  2999  21141211 99999993259993251142121 99999993259999991611993325
244842939 427  23253251143121 9999999325  29092212111                        325
346661939 8 5  2998  21211313                                                998
3413639999999  2998  21321133                                                998
3405029381115  2999  21142421 9999999  29991091211993                        999
341332939 1 4  2999  21142121 9999999  2998  21321133                        999
141802939 131  2999  21142121 9999999  22202001921991                        999
141792939 131  2999  21142121 9999999  22002001921991                        999
141782939 131  2999  21142121 9999999  22202201923991                        999
341972939 218  2999  21142421 9999999  22551091211993                        999
341982939 218  2999  21142421 9999999  23251091211993                        999
344352939 414  2999  21142221 9999999  29991091211533                        999
244362939 414  2999  21143321 99999999999981091611993                        999
24028293811 2200  29991143121 9999999  22002001321141                          2
141343939 1 4200  22001141111 939 1 4  2999  21142121 9999999  2998  21321133  2
245093939 5 1200  22001143121 9999999  2200  22142121 99999992002552001321133  2
245073939 5 1200  22001143121 9999999  2200  22142121 9999999200  22001112533  2
146121939 623200  2  21323151                                                  2
14064193811232002202201212111                                                220
34072293811242002202001142422 99999992003152091699991                        220
34079193811302002202201512111                                                220
142362939 3102009992001141211 99999992209982091212111                        220
145063939 5 12002202091142121 99999992202002202142121 99999992002202001112533220
245083939 5 12002202001143121 99999992202002202142121 99999992002552001321133220
145731939 5202002202201112111                                                220
142392939 3102009992001141211 99999992309982091212111                        230
34038193811102002552001321133                                                255
24100293812122002552551143122 99999992553683681699993                        255
34103393812132009992001141113 93899992559992551741113 99999992002552091999993255
14113293812192009992001141211 99999992559982091299991                        255
341911939 2 82002552001321133                                                255
341931939 2152002552001321133                                                255
142042939 2202002552001142121 99999992002552091212111                        255
342051939 2212002552001321133                                                255
142061939 2212002552551212111                                                255
342201939 2272002551741211313                                                255
342251939 2282002552551512111                                                255
142372939 3102009992001141211 99999992559982091212111                        255
142582939 3152002202001141111 939 3142553153151132143                        255
142731939 3162002552001112521                                                255
142752939 3162002552001142121 99999992002552551323151                        255
342821939 3172002552551412161                                                255
342812939 3172009992001141113 939 3152553153151211653                        255
343691939 3292002552001211353                                                255
144731939 4232002552551312161                                                255
344801939 4262002552001311353                                                255
345101939 5 12002552001112213                                                255
345141939 5 22002552001112213                                                255
145592939 5112009992001642121 99999992552902911211993                        255
345032939 5992002552001142421 99999992002552091211533                        255
345951939 6 42002552001311353                                                255
246152939 6232002552001143222 99999992552002091699993                        255
346142939 6232002552001142221 99999992002552091211533                        255
346162939 6242009992001141113 99999992559999991999999                        255
146202939 6282002552551142122 99999992002552091699993                        255
346371939 7132002552001311353                                                255
146332939 7162009992001642121 99999992552902911132143                        255
146391939 7182002552001213111                                                255
346451939 7212002552001513111                                                255
146422939 7222002552001142221 99999992002552551123131                        255
246413939 7222002552001143221 99999992552002001142221 99999992552002091611993255
346561939 7292002552001311353                                                255
346601939 8 12002552001321133                                                255
346101939 8 22002552001311353                                                255
146641939 8 32002552001112111                                                255
347191939 8222002552001311353                                                255
147202939 8222002552002142121 99999992002902092612533                        255
347271939 8232002552001311353                                                255
147522939 8252002552551642121 99999992002902901512511                        255
347391939 8252002552001311353                                                255
147672939 8282002552001142121 99999992002552091212121                        255
147662939 8282002552001642121 99999992552902911132143                        255
147681939 8292002552551112111                                                255
347752939 8302002552551142321 99999992002552091211533                        255
247762939 8302002552551143321 99999992552002091212121                        255
247862939 9 22002552001143321 939 9 32552902901511533                        255
347871939 9 32002552001112363                                                255
143232939 3212002902901142121 99999992002902901323151                        290
343241939 3212002902901512111                                                290
143211939 3212002902901112521                                                290
343742939 3302002902002142421 99999992002552092211533                        290
143761939 3302002902001112511                                                290
143871939 4 32002902001212111                                                290
344031939 4 62002902001512111                                                290
145232939 5 32002902001141211 99999992902552901212121                        290
146881939 8142002902901112111                                                290
347552939 8252002902001142421 99999992002552091211533                        290
147531939 8252002902001112521                                                290
141731939 1272003152001123301                                                315
14056193811162003252001112521                                                325
14083293812 32003253251142121 939 1112003253251212111                        325
14106293812142009992001141211 99999993252206161611993                        325
141451939 1112003253251212111                                                325
241473939 1112003253251143121 99999993252552091642121 99999992552002091211533325
141502939 1132003253251142122 99999992003253251799991                        325
341481939 1132003253251512111                                                325
142382939 3102009992001141211 99999993259982091212111                        325
243852939 4 12003253251143121 99999993252902091212142                        325
243842939 4 12003253251143121 99999993262552091212142                        325
344052939 4 72003253251141113 939 4 73253393391111523                        325
344131939 4 92003251741211313                                                325
344151939 4102003253381211333                                                325
344141939 4102003251741311313                                                325
144481939 4172003251741511313                                                325
14122293812292003282001142121 99999992003283281912991                        328
141521939 1132003283281112111                                                328
145971939 6 52003283281112111                                                328
344292939 4132003502002142421 99999992002552092211533                        350
344302939 4132003602002142421 99999992002552092211533                        360
343042939 3202003652001642121 99999992009982091212111                        365
143081939 3202003652091112111                                                365
144341939 4142003652001112111                                                365
244442939 4152003652001143121 99999993652002091112511                        365
145351939 5 62003652001112111                                                365
345402939 5 82003652001142121 99999992003653651612511                        365
145842939 5242003652251142121 99999992003652091112511                        365
145931939 6 12003653651212111                                                365
347131939 8212003653651512111                                                365
345632939 5122006402001142421 99999992009992091211533                        640
344681939 4212009986511211313                                                998
145771939 5212009982251212111                                                998
146581939 7312009983651211131                                                998
94016293810312009992001142122 99999992009982091692999                        999
14034293811 32009992001142111 93811232002202201212111                        999
14052193811162009999981412183                                                999
34070293811242009992202142121 99999992002552001321133                        999
14078293811282009992001142121 939 1992003253251212111                        999
341862939 2 62009992001142421 99999992009992091211533                        999
342122939 2232009992001142421 99999992002552091211993                        999
342132939 2232009992001142421 99999992003252091211993                        999
242282939 3 82009992001142421 99999992002202201131132                        999
142352939 3102009992001141211 99999992009982091212111                        999
942432939 3132009992001142122 99999992003152091699999                        999
142462939 3132009992001142422 99999992002552091699993                        999
342632939 3152009992001142111 939 3172002552551612111                        999
142862939 3172009992001141111 93999992003152091699991                        999
143112939 3202009992001142121 99999992009992091112511                        999
343182939 3212009992002142421 99999992002552092211993                        999
343882939 4 32009992001142122 99999992002552091211993                        999
344562939 4182009992001142121 99999992002552091211533                        999
344591939 4192009991711211313                                                999
345542939 5102009992001142421 99999992002552091211533                        999
345602939 5112009992001142421 99999992002552092211533                        999
346182939 6262009992001142121 939 8992002559991211313                        999
346262939 7 22009992001142421 99999992002552091211533                        999
346322939 7 82009992001142421 99999992002552091211533                        999
346861939 8132152552551512111                                                255
141353939 1 4220  22201141111 939 1 4  2999  21142121 9999999  2998  21321133  2
14065193811232202002201212111                                                200
34080193811302202002201512111                                                200
142562939 3142202002201141111 93899992202552092611533                        200
142572939 3142202002201141111 93899992002552092611533                        200
244253939 4122202002201143121 99999992003602092142421 99999992002552092211533200
244243939 4122202002201143121 99999992003502092142421 99999992002552092211533200
145741939 5202202002201112111                                                200
14062293811232202552201142121 99999992202552091611993                        255
14092293812 62202552201142122 99999992202552091999991                        255
14088193812 62202552201112111                                                255
14090193812 62202552201112521                                                255
24099293812122202552551143122 99999992553683681699993                        255
343101939 3202202552201321133                                                255
144771939 4262202552551312161                                                255
145181939 5 22202552201212111                                                255
345521939 5 92202552201512111                                                255
246752939 8142202552552143321 99999992552902091611993                        255
147212939 8222202552002142121 99999992202902092612533                        255
347281939 8232202552201211353                                                255
347411939 8252202552201311353                                                255
147571939 8252202552551112111                                                255
347601939 8262202552201311353                                                255
347882939 9 32202552201112363                                                255
343752939 3302202902002142421 99999992202552092211533                        290
143801939 3312202902901323151                                                290
146901939 8142202902901112111                                                290
141741939 1272203152201123301                                                315
34082393812 22203253251141113 93811303252203251143121 99999992203254091132111325
34085193812 42203256161114123                                                325
34096193812 82203256161111513                                                325
34109293812142203252201142221 99999992203252091211533                        325
24108293812142203252201143321 99999993252206161611993                        325
14107293812142209992201141211 99999993252206161611993                        325
24120393812262203253251143121 99999993252002091643121 99999992002202091212142325
24119393812262203253251143121 99999993252552091643121 99999992552202091212142325
34121193812282203255221211313                                                325
341311939 1 22203251741211313                                                325
341551939 1142203252201321133                                                325
143451939 3242203253251112111                                                325
343672939 3272203252201642121 99999992203252091212111                        325
343682939 3292203252201642121 99999992203254091132111                        325
344511939 4172203251711111313                                                325
344312939 4132203502002142421 99999992202552092211533                        350
143811939 3312203603601323151                                                360
344322939 4132203602002142421 99999992202552092211533                        360
342231939 2282206206161111513                                                620
145781939 5212209982251212111                                                998
146591939 7312209983651211131                                                998
14033293811 32209992201142111 93811232202002201212111                        999
34069293811242209992202142121 99999992202552201321133                        999
34112293812192209992201642121 99999992203254091132111                        999
342102939 2222209992201142421 99999992209992091211993                        999
942442939 3132209992201142122 99999992203152091699999                        999
343192939 3212209992002142421 99999992202552092211993                        999
345242939 5 42209992201142122 99999992202559991799993                        999
345582939 5112209992201142421 99999992202552201211353                        999
346082939 6212209992201142121 99999992203256161533111                        999
346252939 7 12209992201142421 99999992202552092211533                        999
144573939 4182259992251141111 939 4182009992001142121 99999992002552091211533200
34037293811 82559992551141113 9999999  22551091299993                          2
3405819381118255  2  21412161                                                  2
34071293811242559992551141113 9999999  22559991999993                          2
3407719381126255  2  21412161                                                  2
34118293812232559992551141113 9999999  29999991999999                          2
341322939 1 32559992551141113 9999999  29999991999999                          2
341373939 1 42559992551141113 939 1 4  2999  21142121 9999999  2998  21321133  2
141542939 113255  2  21142121 9999999255  22551612213                          2
141752939 1302559992551141211 9999999  22559991699993                          2
341823939 2 12559992551141113 939 131  2999  21142121 9999999  22202201921991  2
341813939 2 12559992551141113 939 131  2999  21142121 9999999  22002001921991  2
341852939 2 22559992551141113 9999999  29999991999999                          2
342032939 2202559992551141113 9999999  29999991999999                          2
343263939 3212559992551141113 939 320  2255  21141113 939 3142553153151132143  2
343152939 3212559992551141113 9999999  29999991999999                          2
344373939 4142559992551141113 939 414  2999  21142221 9999999  29991091211533  2
344433939 4152559992551141113 939 415  2999  21141211 99999992559999991611993  2
344852939 427255  23252142121 9999999255  29092612111                          2
344913939 4282559992551141113 939 415  2999  21141211 99999992559999991611993  2
345052939 5 12559992551141113 939 422  22552551423151                          2
346282939 7 52559992551141113 9999999  29999991999999                          2
14030393811 32559992551141111 93810312009992001142122 99999992009982091692999200
14104293812132559992551141211 99999992002553681699993                        200
142071939 2212552002551212111                                                200
342092939 2222552002001141113 939 2212002552001321133                        200
342261939 2282552002551512111                                                200
242272939 3 52552002551143121 99999992002552091612993                        200
142762939 3162552002001142121 99999992552002001323151                        200
142741939 3162552002001112521                                                200
342881939 3182552002001412161                                                200
343162939 3212559992551141113 99999992009999991999999                        200
343832939 4 12559992551141113 939 3302002902001112511                        200
344232939 4112559992551141113 99999992009999991999999                        200
244972939 4282552002551143121 99999992002902901512511                        200
145411939 5 82552002001312161                                                200
146102939 6222559992551141211 99999992002552091699993                        200
346292939 7 52559992551141113 99999992009999991999999                        200
146401939 7182552002001213111                                                200
346461939 7212552002001513111                                                200
146651939 8 32552002001112111                                                200
347222939 8222552002551142421 99999992552902091211533                        200
247492939 8252552002551143121 99999992002902901512511                        200
147512939 8252552002551141211 99999992552002091112521                        200
147502939 8252552002551141211 99999992552902911132143                        200
147691939 8292552002551112111                                                200
147742939 8302552002001142421 99999992552002091212121                        200
350032939 8302552002551142311 939 9992552902901211533                        200
250023939 8302552002551143311 939 8312002902901143411 939 8312902552551112121200
147642939 8262552102551142121 99999992552102091611993                        210
147632939 8262552112551142121 99999992552112091611993                        211
147021939 8172552152551212111                                                215
14063292811232552202201142121 99999992552202091611993                        220
14087393812 42559992551141111 93811232202552201142121 99999992202552091611993220
14089193812 62552202201112111                                                220
14091193812 62552202201112521                                                220
14093293812 62552202201142122 99999992552202091999991                        220
14105293812132559992551141211 99999992202553681699993                        220
343172939 3212559992551141113 99999992209999991999999                        220
145191939 5 22552202201212111                                                220
345531939 5 92552202201512111                                                220
347101939 8202552201711211313                                                220
147581939 8252552202551112111                                                220
147622939 8262552252551142121 99999992552252091611993                        225
14002293810242552902901142221 99999992552902551133111                        290
24001293810242552902901143221 99999992902552911132111                        290
14003393810242552902901142221 99999992552902901142421 99999992553652091219993290
14027193811 22552902551112111                                                290
34039193811102552902551212213                                                290
141421939 1 52552902551112111                                                290
141442939 1 62552902901142221 99999992552902901112511                        290
241432939 1 62552902901143221 99999992902552911132111                        290
141691939 1252552902901112111                                                290
141712939 1252552902901142122 99999992552902901999991                        290
243132939 3212552902901143221 99999992902552911132111                        290
143142939 3212552902901142221 99999992552902901112511                        290
243582939 3262552902901143121 99999992902552091212121                        290
343622939 3262552902901142221 99999992552902091211533                        290
243632939 3262552902901143321 99999992902912911632993                        290
143731939 3292552902901212121                                                290
344011939 4 62552902901512121                                                290
344261939 4132552902551211313                                                290
144922939 4282559992251141211 99999992902552911132111                        290
144942939 4282559992551141211 99999992902552901133131                        290
144932939 4282559992551141211 99999992902552901131121                        290
345132939 5 22559992551141113 99999992909999991999999                        290
345572939 5102559992551141113 99999992902552901712213                        290
345981939 6 72552902551112273                                                290
146031939 6142552902901312161                                                290
346191939 6272552902901111443                                                290
246222939 6302552902551142121 99999992552902911132142                        290
246762939 8 92552902551143121 93999992902552911412183                        290
346962939 8152552002551141113 99999992902552911712213                        290
346952939 8152552202551141113 99999992902552911712213                        290
146992939 8162559992551141211 99999992902552911132111                        290
347012939 8172559992551141113 99999992902552911712213                        290
347051939 8192552902551211353                                                290
347181939 8222552902551311353                                                290
347451939 8252552902911111523                                                290
347461939 8252552902901111523                                                290
247653939 8262552902551143121 99999992002902091143421 99999992902552911132111290
347611939 8262552902901111523                                                290
347831939 9 12552902091211533                                                290
347801939 9 12552902901111523                                                290
347821939 9 12552902551112363                                                290
347782939 9 12559992551141113 939 8802902552551111523                        290
347811939 9 12552902911132143                                                290
347792939 9 12557992551141113 99999992902552901712213                        290
24019193811 22553102552112142                                                310
141571939 1162553102551212111                                                310
341611939 1182553102551512111                                                310
141591939 1182553103101312151                                                310
346712939 8 82553102551142121 99999992552902091211533                        310
24020193811 22553152552112142                                                315
24023293811 22553152552143121 99999993153103151132111                        315
14029293811 32559992551141111 93811 23153103151132111                        315
14073293811252553152552142121 99999992553153151632993                        315
141302939 1992553152551142222 99999992553152091699993                        315
241242939 1992553152551143321 99999993159993151112362                        315
241262939 1992553152551143321 99999993153982251512161                        315
241272939 1992553152551143321 99999993153153151411719                        315
241282939 1992553152551143321 99999993152552551123111                        315
241252939 1992553152551143321 99999993152552091112511                        315
241292939 1992553152551143321 99999993152553151112719                        315
241952939 2162553153151143121 99999993153653651112533                        315
242322939 3102553152551143121 99999993153173151132719                        315
142402939 3102553152551142122 99999992553152091699993                        315
342541939 3142553153151132143                                                315
242453939 3142553153151143121 99999993152553151142121 99999992553153151132173315
242472939 3142553153151143321 99999993152553151132111                        315
342482939 3142553152551142321 99999992553153151211533                        315
342501939 3142553153151132173                                                315
342591939 3152553153151211653                                                315
342691939 3152553153171111513                                                315
242711939 3162553173171132142                                                317
24013293810312553252551142111 93811 22553152552212142                        325
24012293810312553252551142111 93811 22553102552212142                        325
14017193811 22553252551112111                                                325
342412939 3112559992551141113 939 3123252204091211313                        325
143472939 3252553253251142122 99999992553252091999991                        325
144062939 4 72559992551141111 939 4 73253393391111523                        325
144381939 4142553253251212111                                                325
144661939 4202553256201121111                                                325
144651939 4202553253251121111                                                325
344691939 4212553253251512111                                                325
145331939 5 62553253251212111                                                325
345371939 5 72553253251512111                                                325
145391939 5 72553253251112511                                                325
345822939 5222553252551142421 99999992559992091211533                        325
145791939 5222553252551112521                                                325
146821939 8112553252551212111                                                325
146842939 8122553252551141211 99999992552902091211533                        325
346851939 8132553252551512111                                                325
347371939 8242553252551512111                                                325
347721939 8292553273271311653                                                327
143311939 3222553282551112521                                                328
143332939 3222553282551142121 99999992553282091611993                        328
243292939 3222553283281143111 939 3263282553281132111                        328
343351939 3222553283281211653                                                328
145211939 5 32553453451121111                                                345
145202939 5 32553452551142121 99999992553453451123111                        345
145221939 5 32553503501121111                                                350
14067193811242553602551112111                                                360
242852939 3172553603601143121 99999993602553601133993                        360
143381939 3232553603601121121                                                360
143391939 3232553603601323151                                                360
245882939 5262553652551142221 99999992553659991212142                        365
245863939 5262553652551143221 99999993652553651142221 99999993652552091611993365
245872939 5262553652551142221 99999992557409991212142                        365
145892939 5262553652551142222 99999992553653651999991                        365
146062939 6172553652551142121 99999992553653651212111                        365
146532939 7262553652551141211 99999992553652091112521                        365
246632939 8 22553652551143121 99999993652552091112521                        365
146942939 8142553652551141111 99999992553652091699993                        365
246932939 8142553652551143121 99999993652552091212111                        365
147081939 8202553652551123131                                                365
147071939 8202553653651323151                                                365
147162939 8212553652551142121 99999992553652091611993                        365
147252939 8232553653651142121 99999 22553652091611993                        365
147231939 8232553653651112111                                                365
143061939 3202553682551112111                                                368
244782939 4262553683681143121 99999993682552551323151                        368
243502939 3252557407402143121 99999997403259991112511                        740
243482939 3252557407402143121 99999997402559991112511                        740
146551939 7282557407401323151                                                740
146541939 7282557407401323151                                                740
34115193812212559982551321133                                                998
341631939 1212559982551321133                                                998
344281939 4132559981711211313                                                998
344401939 4142559981711311313                                                998
344551939 4182559981711311313                                                998
344601939 4202559981711311313                                                998
344641939 4202559982551111313                                                998
144881939 4282559981711511313                                                998
24004293810312559992552142121 99999992553102092212142                        999
24005293810312559992552142121 99999992553102092212142                        999
14040293811112559992551141111 93811102552902551212213                        999
24041393811112559992551143121 99999999992559991641113 99999992559992551999999999
34042293811112559992551142421 99999992552902551312213                        999
14086393812 42559992551141111 93811232552202201142121 99999992552202091611993999
141762939 1302559992551141211 99999992552002001999991                        999
442892939 3182559992551141214 99999992553603601133993                        999
144872939 4272559992551141111 99999992553453451999991                        999
344892939 4282559992551642121 99999992552902091611993                        999
344902939 4282559992551642121 99999992552002091611993                        999
145942939 6 12559992551142121 99999992553453451632143                        999
346072939 6172559992551142121 99999992552902911132143                        999
346112939 6222559992551142421 99999992552002091211533                        999
346172939 6252559992551142421 99999992552002091211533                        999
446272939 7 32559992551141214 99999992552902911132143                        999
246492939 7212559992551642121 99999992552902091212142                        999
346482939 7212559992551642121 99999992552902091212121                        999
346472939 7212559992551142121 99999992552902911132143                        999
346702939 8 82559992551142421 99999992552902091211533                        999
14068193811242602552551112111                                                255
144463939 4162909992901141111 939 415  2999  21141211 99999992559999991611993  2
343251939 3212902002901512111                                                200
143201939 3212902002901112521                                                200
143222939 3212902002901142121 99999992902002001323151                        200
243272939 3222902002901143121 99999992002902091112511                        200
243423939 3242902002901143221 99999992002902902142421 99999992002552092211533200
343412939 3242902002901142321 99999992902002091612511                        200
143771939 3302902002001112511                                                200
143861939 4 32902002001212111                                                200
243943939 4 52902002001642121 99999992903652901142922 99999992903653651999991200
344021939 4 62902002001512111                                                200
144812939 4262909992901141111 939 4262002552001311353                        200
146871939 8142902002901112111                                                200
147541939 8252902002001112521                                                200
347562939 8252902002001142421 99999992902552091211533                        200
146891939 8142902202901112111                                                220
14026193811 22902552551112111                                                255
34036193811 72902552201114143                                                255
34053293811102902552901642121 99999992902552911132111                        255
24054293811182902552901143121 99999992552902091112521                        255
141411939 1 52902552551112111                                                255
141702939 1252902552901142122 99999992902552551999991                        255
141681939 1252902552901112111                                                255
342181939 2252902552901114213                                                255
342191939 2262902552901114223                                                255
342221939 2272902552911114213                                                255
343122939 3212902552551141113 939 3162553173171132142                        255
343521939 3252902552901211353                                                255
343592939 3262902552901642121 99999992902552911132111                        255
343641939 3262902552901311353                                                255
143602939 3262902552901141211 99999992902552091112521                        255
343612939 3262902552901642121 99999992902552091212121                        255
343651939 3272902552901114213                                                255
143721939 3292902552901212121                                                255
343792939 3312902552551142221 99999992902552091211533                        255
243782939 3312902552551143321 99999992552902911614113                        255
344001939 4 62902552901512121                                                255
344211939 4112902552901311353                                                255
344271939 4132902552901311353                                                255
344822939 4262909992901141113 93999992552902901412161                        255
344961939 4282902552901311353                                                255
344981939 4292902552901311353                                                255
146232939 6302909992901642121 99999992552902911132143                        255
346503939 7212909992901141113 939 7212559992551142121 99999992552902911132143255
246772939 8102902552901143122 99999992552902091999993                        255
347091939 8202902552901211313                                                255
347472939 8252909992901141113 939 8252552902911111523                        255
147482939 8252909992901141111 939 8252552902901111523                        255
347712939 8292902552901141113 99999992553273271712213                        255
347771939 8312902552901311353                                                255
347841939 9 12902552091211533                                                255
347852939 9 22902552091311533                                                255
346442939 7202902912911141113 939 7202912902911111523                        291
34031293811 32902552901141113 93811 23153103151132111                        315
146911939 8142903282901112111                                                328
141991939 2192903653651323151                                                365
145151939 5 22903652901212111                                                365
345501939 5 92903652901512111                                                365
145551939 5102903652901112111                                                365
343662939 3272909992901142421 99999992902552091211533                        999
344472939 4162909992901142421 99999992902912911211363                        999
144712939 4222909992901142421 99999992902552091212121                        999
344952939 4282909992901642121 99999992902552911132111                        999
345282939 5 52909992901642121 99999992902552901131121                        999
145302939 5 52909992901141211 99999992902552091212121                        999
345272939 5 52909992901642121 99999992902552911132111                        999
345292939 5 52909992901642121 99999992902552901133131                        999
346242939 6302909992901142421 99999992902552091211533                        999
346672939 8 62909992901142421 99999992902552091211533                        999
447042939 8182909992901141114 99999992902552911712213                        999
347172939 8212909992901142421 99999992902552091211533                        999
147402939 8252909992901142121 99999992902552091212121                        999
147732939 8292909992901141211 99999992902552091212121                        999
342211939 2272912552911114213                                                255
24043293811122912902911143121 99999992902912911523171                        290
24044293811122912902911143121 99999992902912911523171                        290
24045293811122912902911143121 99999992902912911123111                        290
343901939 4 42912902911114213                                                290
343911939 4 42912902911114223                                                290
346211939 6292912902911211353                                                290
346431939 7202912902911111523                                                290
246692939 8 72912902911143121 99999992902912901212121                        290
347001939 8162912902901111523                                                290
24008293810313102552091142121 99999992553102092212142                        255
141561939 1163102552551212111                                                255
141601939 1183102552551312161                                                255
341622939 1183102552551512111                                                255
142161939 2243102552551312161                                                255
146522939 7243102553101142121 99999993102902091611993                        255
146512939 7243102553101142122 99999993102552551999991                        255
34035193811 53103153151211653                                                315
24009293810313103252091142121 99999993253102092212142                        325
142151939 2243103253251312161                                                325
242553939 3143103253251143121 99999993253103251141211 99999993103693691132993325
242613939 3153103693691143121 99999993693103691142121 99999993103693691132143369
342721939 3163103693691211653                                                369
342901939 3183103693691132143                                                369
142171939 2243107407401312161                                                740
24010293810313152552091142121 99999992553102092212142                        255
14000293810993152552551142122 99999993152552551999991                        255
14060193811203152553151133111                                                255
24097293812103152553151143121 99999992553153151699993                        255
342492939 3143152553151142121 99999992553153151132173                        255
142511939 3143152553151132111                                                255
342701939 3153152553171111513                                                255
14025193811 23153103151132111                                                310
24011293810313153252091142121 99999993253102092212142                        325
341961939 2163153653651423151                                                365
142112939 2223159993151141211 99999993152552551999991                        999
242312939 3103172552551143122 99999992553152091299993                        255
242532939 3143172553171143121 99999992553173171132142                        255
345171939 5 23172553171114223                                                255
342521939 3143173153171132163                                                315
1411429381219325  2  21142121 9999999325  23251612213                          2
141391939 1 4325  23251112111                                                  2
341833939 2 23259993251141113 939 131  2999  21142121 9999999  22002001921991  2
341843939 2 23259993251141113 939 131  2999  21142121 9999999  22202201921991  2
342082939 2213259993251141113 9999999  29999991999999                          2
344163939 4103259993251141113 939 4 8  2999  21141113 939 4 73253393391111523  2
344503939 4173259993251141113 939 415  2999  21141211 99999993259999991611993  2
344862939 427325  23252142121 9999999325  29092612121                          2
14057293811163252002001112521                                                200
14084293812 33252003251142121 939 1113252003251212111                        200
141461939 1113252003251212111                                                200
341491939 1133252003251512111                                                200
141512939 1133252003251142122 99999993252002001799991                        200
246312939 7 73252003251143321 99999992002552091611533                        200
346302939 7 73252003251142221 99999993252002091211533                        200
346341939 7103252003251112213                                                200
346361939 7123252002001412161                                                200
247303939 8233252003251143221 99999992002902091143121 99999992902552091132111200
147293939 8233252003251142221 99999993252552091143121 99999992552902091611993200
24081293811303252203251143121 99999992203254091132111                        220
34095193812 83252206161111513                                                220
34098293812113252203251141113 99999992203254091632111                        220
34101293812123259993251141113 93899992203255221633111                        220
34116293812223252202201142121 99999993252202201112533                        220
341642939 1223259993251141113 99999992203259991999993                        220
342011939 2203252206201211313                                                220
342421939 3123252204091211313                                                220
143441939 3243252203251112111                                                220
243532939 3263252203251143121 99999992203252091212111                        220
345001939 4293252203251211353                                                220
345652939 5123259993251141113 99999992203256161999993                        220
346093939 6223259993251141113 939 6212209992201142121 99999992203256161533111220
346351939 7103252203251112213                                                220
24014293810313252552551142111 93811 23253102552212142                        255
24015293810313252552551142111 93811 23253152552210142                        255
14018193811 23252552551112111                                                255
14066193811233252552551312161                                                255
24094393812 73252553251143121 99999992559992551141211 99999992203254091132111255
144391939 4143252553251212111                                                255
344701939 4213252553251512111                                                255
145321939 5 63252553251212111                                                255
345361939 5 73252553251512111                                                255
145381939 5 73252553251112511                                                255
345812939 5223252552551142421 99999993259992091211533                        255
145801939 5223252552551112521                                                255
146381939 7133252553251133111                                                255
146811939 8113252552551212111                                                255
147031939 8173252552551212111                                                255
347381939 8243252552551512111                                                255
147592939 8253252553251142121 99999993252902091611533                        255
24021193811 23253102552112142                                                310
24024293811 23253152552143121 99999993153103151132111                        315
24022193811 23253152552112142                                                315
14032293811 33259993251141111 93811 23153103151132111                        315
14074293811253253152552142121 99999993253153151632993                        315
142642939 3153259993251141111 939 3143152553151132111                        315
142652939 3153259993251141111 939 3143173153171132163                        317
143921939 4 53253293251212121                                                329
343891939 4 33253393251211353                                                339
343972939 4 63259993251141113 99999993393253391714213                        339
343951939 4 63253393391111523                                                339
343961939 4 63253393251311353                                                339
344041939 4 73253393391111523                                                339
344091939 4 83253393391211653                                                339
244182939 4103253393391143322 99999993393253391699993                        339
344172939 4103253393391142221 99999993253393391212213                        339
344191939 4103253393391311653                                                339
141651939 1223253453251112111                                                345
142662939 3153259993251141111 939 3143693153691132163                        369
243492939 3253257407402143121 99999997402559991112511                        740
243512939 3253257407402143121 99999997403259991112511                        740
341671939 1233259983251321133                                                998
344491939 4173259983251321133                                                998
345901939 5293259983251321133                                                998
346611939 8 13259983251211313                                                998
146681939 8 73259983251511313                                                998
346831939 8113259983251311353                                                998
24007293810313259992552142121 99999993253102092212142                        999
24006293810313259992552142121 99999993253152092212142                        999
34111293812173259993251142421 99999993252202091211533                        999
341363939 1 43259993251141113 939 1 43259993251141113 939 1 4  2999  21142121999
143282939 3223259993251141111 99999993252552091112511                        999
144122939 4 93259993251142121 99999993259992091611993                        999
144222939 4113259993251141111 939 4 63253393251311353                        999
444632939 4203259993251141114 99999993259999991211993                        999
345492939 5 93259993251142421 99999993259999991211533                        999
14123293812293282002001142121 99999993282002001912991                        200
141531939 1133282003291112111                                                200
245432939 5 83282003281143121 99999992009982091212121                        200
145961939 6 53282003281112111                                                200
245992939 6 93282003281143121 99999992009982091212121                        200
245442939 5 83282203281143121 99999992209982091212121                        220
246002939 6 93282203281143121 99999992209982091212121                        220
143301939 3223282553281132111                                                255
143321939 3223282552551112521                                                255
143342939 3223282552551142121 99999993282552091611993                        255
245422939 5 83282553281143121 99999992559982091212121                        255
246022939 6 93282553281143121 99999992559982091212121                        255
147342939 8243289993281141211 99999992552902091611533                        255
245462939 5 83282903281143121 99999992909982091212121                        290
146921939 8143282902901112111                                                290
147332939 8243289993281141211 99999992902552091611533                        290
245452939 5 83283253281143121 99999993259982091212121                        325
246012939 6 93283253281143121 99999993259982091212121                        325
143931939 4 53393253251212121                                                325
144081939 4 83393253391111621                                                325
346782939 8103452553451642121 99999993452553451131121                        255
141661939 1223453253251112111                                                325
346792939 8103453253451642121 99999993453253451131121                        325
244113939 4 83502002001143121 99999992003502001142421 99999992003252091211533200
242802939 3173602002001143122 99999992002552091299993                        200
244203939 4103602002001143121 99999992003602091142421 99999992002552091211533200
143821939 3313602202201323151                                                220
342772939 3163602002001141213 93999992553603601299993                        255
342793939 3173602002001141113 939 3602553603501142329 99999992553603601299993255
342783939 3173602002001141113 939 3172553603601143321 99999993602553601133993255
342911939 3193602553601133993                                                255
343361939 3223602553601211353                                                255
143401939 3233602552551323151                                                255
143371939 3233602553601133111                                                255
443572939 3263609993601141214 99999992553603601132143                        255
342601939 3153603693691111553                                                369
442622939 3153609993601141114 939 3153603693691111553                        999
343542939 3263609993601142221 99999993609992091211533                        999
143562939 3263609993601141111 939 3233602553601133111                        999
2405529381116365  23651143121 9999999  23653651312161                          2
144453939 416365  2  21141111 939 415  2999  21141211 99999992559999991611993  2
144583939 4183659993651141111 939 415  2999  21141211 99999992559999991611993  2
342332939 3103659993651141113 99999992003652001112719                        200
143091939 3203652002091112111                                                200
142972939 3203659993651141211 99999992009982091212111                        200
143703939 3293652002001141211 99999992002902091142421 99999992002552091211533200
143713939 3293652002001141211 99999992003602091142421 99999992002552091211533200
144331939 4143652002001112111                                                200
244542939 4173652003651143121 99999992203652092112511                        200
244532939 4173652003651143121 99999992003652092112511                        200
144622939 4203652002001142121 99999993652002091112511                        200
144612939 4203652002001142121 99999993652202091112511                        200
244992939 4293652002001143121 99999992003653651112511                        200
145341939 5 63652002001112111                                                200
145613939 5113659993651141211 99999992009992001142421 99999992002552092211533200
245662939 5143652003651143121 99999992003653652112511                        200
245712939 5173652002001143121 99999992003653652111511                        200
145832939 5243652002251142121 99999993652002091112511                        200
145913939 5313659993651141211 99999992009992001142421 99999992002552091211533200
145921939 6 13652003651212111                                                200
246053939 6163652003651143221 99999992003652001142421 99999992002552092211533200
346043939 6163652003651142321 99999993652003651642421 99999993652552092211533200
347141939 8213652003651512111                                                200
342342939 3103659993651141113 99999992203652201112719                        220
142962939 3203659993651141211 99999992209982091212111                        220
145623939 5113659993651141211 99999992209992201142421 99999992202552092211533220
245672939 5143652203651143121 99999992203653652112511                        220
145722939 5173652002001141211 99999992203653652111511                        220
342141939 2233652553651321133                                                255
342932939 3193652552551141113 939 3162553173171132142                        255
342922939 3193652552551141113 939 3142553153151132143                        255
144522939 4173652552551141211 99999993652552551299991                        255
145312939 5 53652552551141211 99999993652552091212111                        255
145682939 5173652552551141111 99999993652552091699993                        255
245692939 5173652552551141212 99999993652002091612511                        255
245702939 5173652552551141212 99999993652202091511511                        255
145752939 5203652553651141211 99999993652552091112521                        255
345851939 5253652553651321133                                                255
146972939 8163652553651141211 939 8182553652091212111                        255
146982939 8163652553651141211 939 8182553652091112521                        255
147061939 8203652552551323151                                                255
147152939 8213652552551142121 99999993652552091611993                        255
147241939 8233652553651112111                                                255
147262939 8233652553651142121 99999993652552091611993                        255
142001939 2193652902901323151                                                290
142982939 3203659993651141211 99999992909982091212111                        290
145161939 5 23652902901212111                                                290
345511939 5 93652902901512111                                                290
145561939 5103652902901112111                                                290
347701939 8293652903651211353                                                290
344101939 4 83653251741211313                                                325
143002939 3203659983641141211 99999993459982091212111                        345
143012939 3203659993651141211 99999993509982091212111                        350
143022939 3203659993651141211 99999993559982091212111                        355
142992939 3203659993651141211 99999993609982091212111                        360
143032939 3203659993651141211 99999996409982091212111                        640
145761939 5213659982251212111                                                998
146571939 7313659983651211131                                                998
141872939 2 83659993651141211 99999993656409991112511                        999
141902939 2 83659993651141211 99999993653559991112511                        999
141892939 2 83659993651141211 99999993653509991112511                        999
141882939 2 83659993651141211 99999993653609991112511                        999
142952939 3203659993651141211 99999993659982091212111                        999
345112939 5 13659993651142221 99999993659999991211533                        999
245122939 5 13659993651143321 99999999993653651211993                        999
143071939 3203682552551112111                                                255
142941939 3193683653681114251                                                365
242682939 3143692553691143121 99999992553693691132142                        255
342671939 3143693153691132163                                                315
243552939 3263709993601143321 99999999993603601611993                        999
344791939 4263902553901311353                                                255
342241939 2206202206161111513                                                220
345642939 5126402006401142421 99999996409992091211533                        200
147122939 8206402006401142121 99999996402002091612533                        200
147112939 8206402206401142121 99999996402202091612533                        220
144671939 4206402556401131111                                                255
144752939 424640999  21142421 99999996402202091112511                        999
144742939 424640999  21142421 99999996402002091112511                        999
141401939 1 57202355221511313                                                235
345012939 4307409997401141113 99999992009989991999999                        200
345022939 4307409997401141113 99999992209989991999999                        220
345252939 5 47402557401142121 99999997402552551612511                        255
347433939 8257402552551141113 939 8232553653651142121 99999992553652091611993255
345262939 5 47403257401142121 99999997403253251612511                        325
347443939 8257402552551141113 939 8233652553651142121 99999993652552091611993365
142302939 3 97409997401142121 99999997403253251112511                        999
142292939 3 97409997401142121 99999997402552551112511                        999
145482939 5 97409997401142421 99999997403253251112511                        999
145472939 5 97409997401142421 99999997402552551112511                        999
