1  301905 4 6  2200  21112111                                                200
1  331905 4 7  2200  21112111                                                200
2  922905 599  2200  21143121 99999992002559991112121                        200
3  912905 599  2200  21141113 99999992009989991612111                        200
2 1572905 627  2200  21143121 99999992006009991212121                        200
3 1942906 111  2200  21642122 9999999  22009999999991                        200
3 1952906 111  2200  21642122 9999999  22209999999991                        200
2 3212906 320  22002301143121 9999999220  26009999991                        200
1  352905 4 8  2220  21141211 99999992206006001232132                        220
1  611905 6 5  2220  21112111                                                220
2 1222905 612  2220  21143121 99999992202009991612511                        220
2 1212905 612  2220  21143121 99999992206009991212121                        220
1  741905 614  22202201112111                                                220
1  751905 614  2220  21112111                                                220
2 1322905 617  2220  21143121 99999992209999991611533                        220
2 1332905 617  2220  21143121 99999992202559991112121                        220
2 1562905 626  2220  21143121 99999992206009991212121                        220
3 1932906 199  2220  21642122 9999999  26009989999991                        220
1 1922906 199  2220  21141111 9999999  29989999999991                        220
1 2711906 3 1  2220  21112111                                                220
2 3202906 320  22202301143121 9999999220  26009999991                        220
1  762905 420  2255  21141111 9999999  26009999999991                        255
2  772905 420  2255  21142121 9999999  22559991112142                        255
1  631905 6 5  2255  21112111                                                255
3 1102905 6 8  2255  21142121 9999999  26009991612121                        255
2 2462906 123  2255  21141112 9999999  26006001111133                        255
2 2572906 2 7  22552301143121 99999992552206001112521                        255
1 2521906 2 7  22552301112111                                                255
1 2171906 216  2255  21112111                                                255
2 2752906 219  2255  21143121 99999996006006001111992                        255
3 3032906 3 7  22552301141213 99999992559982309999993                        255
2 3022906 3 7  22552301143121 9999999255  22301212521                        255
3 3092906 316  22552301141113 99999992559982309999993                        255
3 3113906 316  22552301642121 906 2263009982301143121 99999992552202301212521300
3 3153906 317  2300  21141113 906 3 83009982301143121 90699996002106001112611300
3 3163906 317  2300  21141113 906 3 83009982301143121 90699996002256001112611300
1 3241906 322  23002301112111                                                300
1 3491906 327  2300  21112111                                                300
1  421905 413  2325  21112111                                                325
2 3102906 316  22552301141112 9999999365  22301112111                        365
1 1162905 8 1  2600  21142121 9059999  29989991212121                        600
2 2472906 123  2255  21141112 99999996006006001221133                        600
9  312905 4 6  2998  21142121 9059999  29989999699999                        998
2 1112905 6 8  2255  21141212 99999999986006009999992                        998
1 1592906 110  2998  21142111 906 116  29982301212121                        998
1 2231906 116  29982301212121                                                998
4 2162906 216  29982301141214 9069999  29982301212142                        998
2 3233906 322  29982301143121 906 3229982302301142121 90699996002306002212611998
2 3212906 322  29982301143121 90699996009986002212611                        998
2 3223906 322  29982301143121 906 3229982202301142121 90699996002206002212611998
1 3281906 331  29982301112521                                                998
1 3562906 331  29982301141111 906 3319989982301512121                        998
3 3361906 4 7  29982301512121                                                998
3 1661906 113  29992301111313                                                999
1  341905 4 7200  2  21112111                                                  2
4 1002905 499200  22001141114 99999992002559991712993                          2
2 1042905 6 5200  22001143121 9999999  26009991612111                          2
2 2712906 299200  22001143121 9999999  22206009999992                          2
1 3222906 321200  22301142121 99999992002206009999991                          2
1 2212906 1192002112001142121 906 1192002119991211131                        211
1   11904 4 82002202201112521                                                220
2   32904 4 82002202201142121 99999992206006001232132                        220
2  102904 7992002202001143121 99999992202309999999991                        220
1  20290410 32009992001141111 90410 32202309991112521                        220
1  661905 4 62002202201112111                                                220
1  712905 4222002202001142412 99999992002209991112111                        220
3  702905 4222002202001142222 90599992002556001112993                        220
1  521905 4292002202201212631                                                220
2  631905 4992002209991111992                                                220
1  552905 5 12002206001141211 99999992206006001232993                        220
1  853905 5 12002552001141111 905 4302202559991142121 99999992202559991112121220
1  831905 6172002202201112111                                                220
1  891905 6182002202201112111                                                220
1  872905 6182002202001142121 90599992002202001999991                        220
1 1732905 9992002202001141111 905 9 12202302201112521                        220
1 208190512992002202301112521                                                220
1 1653906 1122002202001142111 906 1162002202301141211 90699996002206001212611220
1 2192906 1172002202001142121 906 1172002209991211131                        220
2 2122906 1992002202001143121 99999992209982301612121                        220
1 2781906 3 32002202201212631                                                220
2 2952906 3122002202301143121 99999992203002301212521                        220
1 3072906 3142002202301141111 99999992209982309999993                        220
2   92904 7992002302001143121 99999992306006001621133                        230
2   82904 7992002302001143121 99999992302209991112121                        230
2  162904 7992002302001143121 99999992302209991112521                        230
1  21290410 32009992001141111 90410 32302209991112521                        230
2 1052905 6992002302001143121 99999992302009991112121                        230
1 1722905 9992002302001141111 905 9 12302202301112621                        230
2 203290512992002302001143121 99999992302202301712992                        230
1  832905 5 12002202201141111 99999992552209991611991                        255
4 1253905 6162002552001141114 90599992009999991142112 90599992002559991211533255
3 1011905 6992002552551211333                                                255
3 1081905 7102002552201111313                                                255
3 1972906 1 32002552001642122 99999992002559999999991                        255
3 1982906 1 32002552001142422 99999992002209991299993                        255
3 1502906 1 52002552001141213 90699992556006001221133                        255
3 1541906 1 72002552301211313                                                255
3 1642906 1122002552001141213 906 1162559982301212121                        255
3 2502906 2 32002552001642122 906 2992002556001212991                        255
3 2672906 2142002552301141113 99999992002202309999991                        255
3 2583906 2202002552301141113 906 2202559982301143121 90699996009986001212611255
3 2842906 2262003002301141113 99999992552009999999993                        255
3 2721906 3 12002552311221133                                                255
1 2922906 3 92002202301141111 99999992559982309999991                        255
1 3091906 3122002552301112111                                                255
1 3012906 3132002552301141111 99999992552202309999991                        255
1 5241906 4 72002552311521133                                                255
1 1492908 6232002202001141111 99999993256009991212121                        325
1 2153906 1992003652001141111 906 1993652003651143122 99999999986002309999992365
3  142904 8122006002001141113 904 8126002006001112213                        600
3  15190412242006006001412161                                                600
1  681905 4992006006001112111                                                600
2 1032905 6 52006002001143121 99999996009999991612111                        600
3  702905 6142006002001642121 90599992009989991212121                        600
1 1092905 7162006002001141221 90599992009989991212121                        600
3 2673906 2252006002301141113 906 2246009982301143122 99999999996006009999999600
1 3342906 327200  22301141211 90699996002206002212611                        600
1 3332906 327200  22301141211 90699996009986002212611                        600
1 3352906 327200  22301141211 90699996002306002212611                        600
4 135390510132009982001141114 90599992002202001143121 90599992002209991112511998
1 206290512272003252001141111 99999999989981749999991                        998
1 1492906 1 52009982001141211 90099999989986001233111                        998
1 2241906 1162009982301212121                                                998
1 2863906 3 52003652301141211 90699999982202301142121 90699996002206002212611998
1 2873906 3 52003652301141211 90699999982302301142121 90699996002306002212611998
1 3231906 3312009982301112521                                                998
3 3311906 4 72009982301512121                                                998
1 2222906 1192112002111142121 906 1192112009991211131                        200
1  211905 4 4220  22201112111                                                  2
1  291905 4 6220  2  21112111                                                  2
1  601905 6 5220  2  21112111                                                  2
1  731905 614220  22201112111                                                  2
2 1362905 623220  22201143121 9999999  22209991112111                          2
2 2702906 299220  22201143121 9999999  22206009999992                          2
1 2701906 3 1220  2  21112111                                                  2
1  761906 614220  2  21112111                                                  2
1   21904 4 82202002201112521                                                200
1  261905 4 62202002201112111                                                200
1  671905 4 62202002201112111                                                200
2  512905 4232202002201143121 99999992002559991112111                        200
1  722905 4252202002201142412 99999992202009991112111                        200
2  641905 4992202009991111992                                                200
1  841905 6172202002201112111                                                200
1  901905 6182202002201112111                                                200
2 1372905 6232202002201143121 99999992002209991112111                        200
4 136390510132209982201141114 90599992002202001143121 90599992002209991112511200
1 209190512992202002301112521                                                200
2 210290512992202002001143121 99999999999982309999992                        200
1 2202906 1172202002201142121 906 1172202009991211131                        200
2 2362906 1212202002201143121 99999993252206001212111                        200
2 2172906 1992202002201143121 99999992206006001221993                        200
2 2182906 1992202002201143121 99999992306006001221993                        200
1   21904 5992202309991112521                                                230
1  112904 7992202302201142121 99999992202306001913991                        230
1  121904 7992202306001213991                                                230
1   41904 8992202306001132111                                                230
1  18190410 32202302201112521                                                230
1  12290410 72202302201141111 99999992306006001732132                        230
1 1711905 9 12202302201112521                                                230
2 204290512992202302201143121 99999992302202301712992                        230
1 1853906 1182202302301141111 906 1182309982301143121 90699992306006002212993230
1 1863906 1182202302301141111 906 1182309982301143121 90699992206006002212993230
1  212904 3992202552201642122 99999992556006009999993                        255
2   12904 4992202552201143121 99999992202552202112121                        255
1  281905 4 52202552201112111                                                255
1  493905 4132202552201141111 905 3232202552201142121 99999992202559991112111255
1  502905 4132202552201141111 99999992209999999999991                        255
1  291905 4152202552201112111                                                255
1  512905 4192202552201141111 904 4 82202002201112521                        255
1  792905 4302202552201142121 99999992202559991112121                        255
1  812905 5 12202552201142121 99999992202559991112121                        255
3  803905 5 12202552201141113 99999992552209991143121 99999992202552201112111255
1  732905 5 22202552201142121 99999992202559999999991                        255
1  481905 5132202552201142121 99999992202559999999991                        255
1  992905 5172202002201141111 99999992552009999999993                        255
1  982905 5172202002201141111 99999992552209999999993                        255
3 1152905 6 72202552201642121 99999992206009991112111                        255
1  651905 6 82202552551112631                                                255
3  663905 6 92202552201141113 905 6 82559982551143121 90599999989989991212121255
2 1172905 6 92202552201143121 99999992552209991212121                        255
1 1132905 6 92202552201142122 99999992202559999999991                        255
1  691905 6112202552201112111                                                255
1  711905 6142202552201112111                                                255
3  771905 6152202552201111333                                                255
1  821905 6172202552201112111                                                255
1  913905 6192202552201141111 905 6182552202201143121 90599999989989991212121255
2 1352905 6212202552201143121 99999992552209991212121                        255
1 1342905 6212202552201141111 99999992206002201112121                        255
1  932905 6222202552201142421 90599992209989991212121                        255
1  951905 6252202552551112111                                                255
1  971905 6262202552551112111                                                255
2 1602905 6272202552201143121 99999992556006001621133                        255
2 1582905 6272202552201143121 99999992552206001212121                        255
2 1592905 6272202552201143121 99999992206156151721133                        255
3 5191905 7 62202552201321133                                                255
1 1032905 7 72202552201142221 90599992209989991212121                        255
3 1662905 7 82202552201142121 99999992206006001412161                        255
1 1041905 7 82202552201112521                                                255
1 1642905 7 82202552201142121 99999992206002209999991                        255
1 1062905 7 82202552201142221 90599992209989991212121                        255
1 1111905 7202202552201112111                                                255
1 1131905 7282202552201112111                                                255
2 1772905 8 12202552201143122 99999999989999991111991                        255
2 1782905 8 12202552201143122 99999999989999991113991                        255
1 1211905 8172202556001112111                                                255
1 1311905 8262202552201112111                                                255
1 1331905 9 12202552201112111                                                255
1 1861905 9282202552201112521                                                255
4 143290512162202552201141214 90599992206006001232132                        255
3 1471906 1 32202552201211313                                                255
3 1893906 1242202552301141113 906 1242559982301143121 90699999989986001212611255
1 2381906 1252202552301212121                                                255
2 2422906 2 32202552201142122 99999992206006001723992                        255
2 2432906 2 32202552201142121 99999992209996001211212                        255
2 2402906 2 32202552201143121 99999992206006001221133                        255
2 2412906 2 32202552201143121 99999992306006001221133                        255
1 2121906 2132202552301112111                                                255
1 2141906 2132202552201112111                                                255
1 2153906 2152202552201142121 90699992209982301743121 90699996002206001212611255
2 2742906 2162202552201143121 99999996006006001111992                        255
1 2201906 2172202552301312121                                                255
3 2242906 2202202552201141213 90799992552202201211533                        255
3 2573906 2202202552301141113 906 2202559982301143121 90699996009986001212611255
1 2613906 2222202552201142121 90699992209982301743121 90699996002206001212611255
1 2601906 2222202552551112631                                                255
3 2682906 2262202552301642121 90699992202552301212111                        255
2 2083906 2992202552301143221 90699992552202301142221 90699996002206001233111255
3 2073906 2992202552301142221 90699992209982301543121 90699996002206001212611255
3 2743906 3 12202552301141113 906 3 12559982301143121 90699996009986001212611255
2 2873906 3 62202552301642121 906 2222552202301143122 99999992202556001212521255
1 2961906 3 72202552301112111                                                255
2 2963906 3122202552301643121 906 2263002202301143121 99999992202556001212521255
2 2972906 3122202552301143121 99999993006002309999992                        255
2 2932906 3132202552301143121 99999993006002309999993                        255
1 3501906 3312202552301112111                                                255
310001906 4 72202552301512121                                                255
3 3073906 3102203002301141113 906 3 83009982301143121 90699996002106001212611300
3 3083906 310220300  21141113 906 3 83009982301143121 90699996002256001212611300
1 2163906 1992203652201141111 906 1993652203651143122 99999999986002309999992365
1  231904 5992206006001112111                                                600
1  262904 6 12206002201123131 99999992206006009999999                        600
1  251904 6 12206002201123131                                                600
2  462905 4122206002201143121 99999996002309991612993                        600
3 1141905 6102206006001412161                                                600
1 1622905 7 12206002201142121 99999992206009991112121                        600
3 1232905 8182206006001141113 905 8186002206001112213                        600
4 1242905 8192206002201141214 90599992206006001111313                        600
2 1252905 8222206002201143121 90599996002202201123241                        600
2 1292905 8242206002201143111 905 8246002206001512213                        600
3 1282905 8242206002201142311 905 9 52206006001111553                        600
3 2053906 2 62206002301141113 906 2 66009982301143121 90699999986006001612611600
3 2663906 2252206002301141113 906 2246009982301143122 99999999996006009999999600
3 3172906 3192202552301642121 90699996009986001212611                        600
1 3422906 327220  22301141211 90699996009986002212611                        600
1 3432906 327220  22301141211 90699996002206002212611                        600
1 3442906 327220  22301141211 90699996002306002212611                        600
1   42904 4 82209982201142121 99999992209986001233111                        998
4 1013905 6272209982201141114 90599992202552201142221 90599992202556301233111998
1 2251906 1162209982301212121                                                998
1 1912906 1242209982301141211 90699999989986001233111                        998
2 1903906 1242209982301143121 90699999982209991142121 90699996002206001212611998
2 2023906 2 62209982301143121 90699999982202301142121 90699996002206001212611998
2 2782906 2202209982301143122 99999999982202309999992                        998
1 2833906 3 52203652201141211 90699999982302301142121 90699996002306002212611998
1 2823906 3 52203652201141211 90699999982202301142121 90699996002206002212611998
2 2983906 3 72209982301143121 906 3 79982202301142121 90699996002206002212611998
2 2993906 3 72209982301143121 906 3 79982302301142121 90699996002306002212611998
1 3062906 3142209982301642121 99999999986002301121133                        998
2 3123906 3152209982301143121 906 3159982202301142121 90699996002206002212611998
2 3133906 3152209982301143121 906 3159982302301142121 90699996002306002212611998
2 3142906 3242209982301143121 99999999982206001133111                        998
1 3261906 3312209982301112521                                                998
3 3391906 4 72209982301512121                                                998
3 3341906 4 72209982301512121                                                998
2  142904 7992209992201143121 99999992202306009699993                        999
1  132904 7992209992201642121 99999992202309999999993                        999
3  352905 2222209992551141113 99999999992209991112991                        999
1  752905 5 32206002201642121 905 4269996009991112993                        999
3  872905 5162252202551141113 99999992552209999999993                        255
3   62904 7992302002311142121 99999992302009991612521                        200
2   73904 7992302002301142121 99999992302559991143122 99999992552309999999993200
1   31904 5992302209991112521                                                220
3  151904 7992302202309999993                                                220
1  19190410 32302202201112521                                                220
1  11290410 72302202201141111 904 4 82202002201112521                        220
1  362905 4 82302202301141211 99999992206006001232132                        220
1 1701905 9 12302202301112521                                                220
2 205290512992302202301143121 99999992202309991223111                        220
1 202290512992302202301142121 99999992302202301212991                        220
1  17199999992302209991112521                                                220
1   61904 4992302552301112111                                                255
1  572905 4122302552301142412 99999992309999991112111                        255
3 1503905 6252302552301642122 905 6112552302551143121 99999992302559991112993255
2 1832905 8992302552301143121 99999999989992301112121                        255
3 2623906 2232302552301141113 906 2192552202301141213 90699996002206002212611255
3 2633906 2232302552301141113 906 2192552202301141213 90699996002306002212611255
1 1102905 7162306002301141221 90599992309989991212121                        600
1 2312906 1162309992301141111 99999999986009991112521                        998
1 2301906 1162309982301212121                                                998
2 1812906 1182309982301143121 90699992306006002212993                        998
2 1822906 1182309982301143121 90699992206006002212993                        998
1 2853906 3 52303652301141211 90699999982302301142121 90699996002306002212611998
1 2843906 3 52303652301141211 90699999982202301142121 90699996002206002212611998
1 3291906 3312309982301112521                                                998
3 3371906 4 72309982301512121                                                998
3 1631906 1112309992301111313                                                999
2   52904 7 12312202301143121 904 7 12202306009999993                        220
1 2883906 3 52353652301141211 90699999982202301142121 90699996002206002212611998
2  322905 225255  22551143121 9999999  26009991112111                          2
2  532905 4 3255  22551143121 9999999  22559999999992                          2
2  522905 4 3255  22551143121 9999999  22009991212111                          2
2  542905 413255  22551143121 9999999  22009991112111                          2
3  902905 510255  22551142422 99999992552209999999993                          2
1  621905 6 5255  2  21112111                                                  2
2 1202905 6 9255  22551143121 9999999  22009991511533                          2
2 1192905 6 9255  22551143121 9999999  29989991212121                          2
4  862905 617255  2  21141214 90599992556006001211553                          2
1  853905 617255  2  21141111 905 3292559982551143121 90599999982556001733111  2
2 2452906 120255  22551143121 9999999  22556001112992                          2
2 2482906 125255  22551143121 9999999  29982301212142                          2
1 2511906 2 7255  22301112111                                                  2
1 2181906 216255  2  21112111                                                  2
3 3122906 219255  22551142121 9999999  29986001121133                          2
1 2591906 220255  22551323151                                                  2
2 3042906 312255  22301143121 99999992023002301212521                          2
3  392905 4 82552002551141113 904 4 82002202201112521                        200
1  621905 4192552002551141111 90699992552206001112992                        200
3 1232905 6122552002551141213 99999992552009991211533                        200
1 1242905 6122552002551141211 99999992552009999999991                        200
3  981905 6262552002001612631                                                200
2 196290512192552002551143121 99999992009982301112142                        200
1 1992906 1112552009991141111 99999992559999999999991                        200
2 2492906 2 32552002551143122 99999992002559999999992                        200
1 3101906 3122552002301112111                                                200
3  272904 8152552002551141113 99999992202556009999993                        220
1  271905 4 52552202201112111                                                220
3  382905 4 82552202551141113 904 4 82202002201112521                        220
1  501905 4152552202201112111                                                220
2  652905 4182552202551143121 99999999989999992112142                        220
3  782905 4272552202551142321 99999992552209991612121                        220
3  822905 5 12552202551642121 905 5 12202552201112121                        220
2  862905 5 72552202551143121 99999992209989991112111                        220
3  932905 5222552202551141113 99999992202552201112993                        220
2  962905 6 12552202551141112 99999992552209999999993                        220
2  972905 6 12552202551143121 99999992202559991512993                        220
3 1182905 6 62552202551642122 99999992552209991212121                        220
2 1162905 6 72552202551142122 99999992556006009799992                        220
1 1652905 6 72552202551142121 99999992556009999999991                        220
2 1122905 6 92552202551143121 905 6 92202202221112993                        220
1  681905 6112552202201112111                                                220
1 1292905 6122552202551142221 99999992552209991212121                        220
2 1272905 6122552202551143122 99999992206009991612993                        220
2 1282905 6122552202551143122 99999992206009991212121                        220
2 1312905 6142552202551142421 99999992556006001212142                        220
2 1302905 6142552202551143121 99999992206156001521121                        220
1  721905 6142552202201112111                                                220
1  811905 6172552202201112111                                                220
2 1432905 6212552202551143122 99999992206156001511993                        220
2 1422905 6212552202551143122 99999992206156001511993                        220
2 1392905 6212552202551143122 99999992202202201512719                        220
2 1462905 6222552202551143122 99999992206009991212111                        220
1 1452905 6222552202551142222 99999992556009991112111                        220
2 1402905 6222552202551143122 99999992202202201512719                        220
3 1472905 6222552202551642122 905 6212202559991112111                        220
2 1412905 6232552202551143122 99999992202202201512719                        220
2 1442905 6232552202551143122 99999992206156001511993                        220
1 1552905 6242552202551142221 99999992552209991212121                        220
1 1532905 6242552202551141211 99999992206006009799992                        220
3 1523905 6242552202551642121 905 6212202552201143121 99999992552209991212111220
2 1512905 6242552202551143121 99999999986009999999993                        220
2 1542905 6242552202551143121 99999992206009991212121                        220
1  941905 6252552202551112111                                                220
1  961905 6262552202551112111                                                220
4 1023905 6272559982551141114 90599992202552201142221 90599992202556301233111220
1 1612905 6302552202551142121 99999992552209999999991                        220
1 1051905 7 82552202201112521                                                220
3 1672905 7 82552202551142121 99999992556006001412161                        220
1 1121905 7202552202201112111                                                220
1 1141905 7282552202201112111                                                220
1 1201905 8172552206001112111                                                220
1 1263905 8222552202551141111 905 8222206002201143121 90599996002202201123241220
2 1822905 8262552202551143121 99999999989996001112121                        220
2 1803905 8262552202551142121 905 8 12202552201143122 99999999989999991111991220
3 1813905 8262552202551642121 905 6272202552201143121 99999992206006001121133220
2 1793905 8262552202551142121 905 8 12202552201143122 99999999989999991113991220
1 1841905 8992552202201212121                                                220
1 1341905 9 12552202201112111                                                220
1 1851905 9282552202201112521                                                220
3 142290512162552202551141213 90599992206006001232132                        220
3 145190512302552202551221133                                                220
3 2902906 1 12552202301142121 906 1 12552202301612521                        220
1 1461906 1 12552202201112631                                                220
3 1531906 1 72552202301111313                                                220
1 1582906 1 82552202551642121 90699992552201741211313                        220
2 1573906 1 82552202551143111 906 1 82206002201543121 90699996002206001212611220
3 1563906 1 82552202551142111 906 1162552202301141213 906 1166002206001212611220
1 2002906 1112552002551642121 99999992206006001121133                        220
3 2443906 1302552202551642121 906 1292202552201143121 99999992206006001233111220
1 2002906 2 32552202551642121 90699992552202201211533                        220
2 2652906 2102552202551143121 99999992202552301112521                        220
1 2131906 2132552202201112111                                                220
2 2602906 2132552202551143121 99999996006006001121133                        220
1 2111906 2132552202301112111                                                220
2 2772906 2162552202301143122 99999992202559999999992                        220
3 2763906 2162552202301642121 906 2162202552201142121 99999996006006001111993220
1 2191906 2172552202301312121                                                220
2 2862906 2222552202301143122 99999992202556001212521                        220
1 2971906 3 72552202301112111                                                220
1 3511906 3312552202301112111                                                220
3 3401906 4 72552202301512121                                                220
1   51904 4992552302301112111                                                230
2  562905 4122552302551143121 99999992309999991112111                        230
2  882905 5992552302551143121 99999992306006009699993                        230
2 1092905 6112552302551143121 99999992302302301112993                        230
3 1082905 6112552302551142221 99999992552302301512161                        230
1 1833906 1182552302301141111 906 1182309982301143121 90699992306006002212993230
1 1843906 1182552302301141111 906 1182309982301143121 90699992206006002212993230
1 2561906 2 72553002301112111                                                300
1 3053906 3102553002301141111 906 3 83009982301143121 90699996002256001212611300
1 3063906 3102553002301141111 906 3 83009982301143121 90699996002106001212611300
1 3082906 316255  22301141111 99999993009982309999992                        300
1 5222906 4132553052551141111 90699993059982301712121                        305
1 5232906 4132553052551142422 90099992553059999999991                        305
1   71904 4992553253251112111                                                325
2  592905 4122553252551143121 99999993252559999999993                        325
2  602905 4122553252551143121 99999992553259991112533                        325
3  582905 4122553252551142121 99999992553251749699991                        325
2  942905 5312553252551143121 99999993259989991112121                        325
2 1902906 1 52553252551143121 99999993256006001211212                        325
1 2531906 2 72553252301112111                                                325
2 2642906 2102553252551143122 99999993252559991112521                        325
1 1171905 8 12553653651112111                                                365
2 2832906 2202553652301143122 99999992552009999999993                        365
3 3263906 3232553652551141113 906 3 53652203651141211 90699996002206002212611365
3  302905 2992556002551142221 90599992556006009699991                        600
2  282905 2992556002551143121 99999996006006001112521                        600
3  311905 2992556006001111313                                                600
3  292905 2992556002551142221 99999992556009991111993                        600
3  342905 3102556002551141113 99999992552209999999993                        600
1  371905 3202556002551112111                                                600
1  401905 3312556006001112111                                                600
1  411905 3312556006001212161                                                600
1  322905 4 72556002551142121 905 4122556006001212111                        600
1  551905 4 92556006001312161                                                600
1  401905 4122556006001212111                                                600
3  532905 4292552206001141213 99999996002206001212611                        600
1  542905 4292556002551142111 90099992556006001323151                        600
1  571905 5172556006001112111                                                600
1  582905 5182556002551141911 90599992556006001712111                        600
2  952905 6 12552202551141112 99999996002556001112521                        600
1  671905 6 92556006001121111                                                600
2 1742905 6992556002551143121 99999992556009991113121                        600
3 1763905 7112556002551642121 905 6996002556001143121 99999992556006001111121600
2 1152905 7282556002551143111 90599996002556001112111                        600
2 188290511 42556002551143122 99999996009989991112991                        600
3 2032906 2 62552202301141213 90699996002206001212611                        600
3 2062906 2102552202301141213 90699996002206001212611                        600
3 2222906 2192552202301141213 90699996002306002212611                        600
3 2212906 2192552202301141213 90699996002206002212611                        600
1 2932906 3 62552302301141211 90699996002306002212611                        600
1 2942906 3 62552302301141211 90699996002206002212611                        600
1 2952906 3 62552202301141211 90699996002306002212611                        600
1 2922906 3 62552202301141211 90699996002206002212611                        600
1 3042906 3 82552302301141211 906 3 86002306002212611                        600
1 3032906 3 82552202301141211 906 3 86002206002212611                        600
1 3192906 3212552302301142421 90699996002306002233111                        600
1 3182906 3262559982301142121 99999996002206001133111                        600
1 3462906 327255  22301141211 90699996002206002212611                        600
1 3452906 327255  22301141211 90699996009986002212611                        600
1 3472906 327255  22301141211 90699996002306002212611                        600
2  182905 3292559982551143121 90599999982556001212611                        998
3  192905 3312559986001142121 90599992556006001623151                        998
2  202905 3312559986001642121 90599999986006001232132                        998
1  232905 4 5255  2  21141211 90599999989986001733111                        998
2  242905 4 52559989981143221 90599999989989991212121                        998
3  472905 4142559986001142121 90599992556006001623151                        998
2  482905 4142559986001642121 90599999986006001232132                        998
1 1062905 6 72559982551142121 99999992556009991212121                        998
1 1072905 6 72559982551142121 99999999986009991212121                        998
2  642905 6 82559982551143121 90599999989989991212121                        998
4  802905 6152559982551141114 90599992556006001223111                        998
4 1192905 8122559982551141214 90599992556006001123131                        998
1 141290511282559982551141211 906 1169989982301212121                        998
2 1512906 1 62559982551143121 90699999986006001211212                        998
1 1622906 1112559982551141211 906 1169989982301212121                        998
1 2261906 1162559982301212121                                                998
1 1802906 1172559982301141211 90699999989982301512121                        998
2 1882906 1242559982301143121 90699999989986001212611                        998
1 2102906 2122559982301141211 90699999989982301512121                        998
2 2662906 2132559982301143121 99999999982202301112521                        998
2 2562906 2202559982301143121 90699996009986001212611                        998
2 2732906 3 12559982301143121 90699996009986001212611                        998
4 2762906 3 32559982301141114 90699992552202301112521                        998
1 2772906 3 32559982301141211 90699999989982301512121                        998
1 2912906 3 5255  2  21141211 90699999989986001233111                        998
2 2812906 3 52559982301143121 90699996009986001212611                        998
2 2912906 3 82559982301143121 99999999983002301112521                        998
2 2942906 3102559982301142121 99999992553006001712992                        998
1 3112906 3132559982551141211 90699999989982301512121                        998
2 3142906 3152559982301143121 90699996009986001212611                        998
2 3203906 3212559982301143121 90699999989992301142121 90699996009996001212611998
2 3152906 3242559982301143121 99999999989986001133111                        998
3 3192906 3272559982301142121 99999999986006001121133                        998
1 3301906 3312559982301112521                                                998
3 3381906 4 72559982301512121                                                998
3  222904 3312559992551142122 99999992556006009699991                        999
3  362905 3152559992551142121 99999992556006001123993                        999
1  382905 3292559992551142122 99999992556009999999991                        999
3  392905 3292559992551142122 99999992556006001123993                        999
3  892905 5992553282551141113 99999999999999991211533                        999
1 5212906 4 52559992551141111 906 3312559982301112511                        999
4 5202906 4 52559992551141114 90599992552206001211533                        999
2 2732906 299300  22301143121 9999999  22556001112111                          2
1 3251906 322300  22301112111                                                  2
1 3481906 327300  2  21112111                                                  2
1 189290512223002553001141111 99999993002559999999991                        255
1 2551906 2 73002552301112111                                                255
2 2592906 2 73002553001143121 99999992552206001112521                        255
1 2632906 2123002553001642122 99999993009996001211533                        255
2 2622906 2123002553001143122 99999992552206009999991                        255
2 2902906 2263002553001143121 99999992552206009999991                        255
1 3003906 3133002552301142121 906 3133002202301143121 99999992203002301212521255
1 3132906 3233002202301141211 99999992552202301212521                        255
3 2852906 2233002552301141213 99999993659989999999993                        365
1  782905 6153006003001142421 90599993009989991212121                        600
1 2281906 1163009982301212121                                                998
2 3002906 3 83009982301143121 90699996002256001212611                        998
2 3012906 3 83009982301143121 90699996002106001212611                        998
1 3271906 3313009982301112521                                                998
3 3351906 4 73009982301512121                                                998
1  431905 413325  2  21112111                                                  2
1 1603906 110325  13251141111 906 110  2998  21142111 906 116  29982301212121  2
2 207290512273252003251141112 99999993252009991112992                        200
1  372905 4 83252203251141211 99999992206006001232132                        220
1  452905 4133252203251141211 99999992206006001232132                        220
1 144390512163252303251141111 90599992309982301143111 906 1109989982301212121230
1   81904 4993252553251112111                                                255
2  612905 4123252553251143121 99999992552209991112521                        255
3 1913906 1993252553251642121 906 1 52553252551143121 99999993256006001211212255
2 2582906 2 73252552301143121 99999992552206001112521                        255
1 2541906 2 73252552301112111                                                255
1 2993906 3133252552301142121 906 3133252202301143121 99999992203002301212521255
1  792905 6153256003251142421 90599993259989991212121                        600
1 3382906 327325  22301141211 90699996002306002212611                        600
1 3362906 327325  22301141211 90699996009986002212611                        600
1 3372906 327325  22301141211 90699996002206002212611                        600
3  442905 4133252553251141213 90599999989989991212121                        998
1 1612906 1103259983251141211 906 1169989982301212121                        998
1 2291906 1163259982301212121                                                998
1 3251906 3313259982301112521                                                998
3 3331906 4 73259982301512121                                                998
2 1523906 1 63283003281143121 90699993006003001143121 90699996009986001212173300
2 1382905 623330  22201143122 9999999  22559999999991                          2
2 2722906 299365  23651143121 9999999  22556001112111                          2
2 2132906 1993652003651143122 99999999986002309999992                        200
2 2142906 1993652203651143122 99999999986002309999992                        220
2 2692906 2133652203651143121 99999992203659991112521                        220
1 2682906 2993652202301142122 99999993652206001112521                        220
4  992905 6273652553651141114 90599993652203651112111                        255
1 1181905 8 13652553651112111                                                255
1 1552906 1 73652552651141211 906 1162559982301212121                        255
2 2612906 2123652553651143121 99999992552206001112521                        255
2 2822906 2203652552301143122 99999992559999991212121                        255
2 2753906 3 23652553651143121 906 3 22559982301543121 90699996009986001212611255
1 2983906 3133652552301142121 906 3133652202301143121 99999992203002301212521255
1 3412906 327365  22301141211 90699996002306002212611                        600
1 3392906 327365  22301141211 90699996009986002212611                        600
1 3402906 327365  22301141211 90699996002206002212611                        600
1 2271906 1163659982301212121                                                998
3 2802906 2193652552301141213 99999999982552309999993                        998
2 2793906 3 53659983651143121 90699999982202301142121 90699996002206002212611998
2 2803906 3 53659983651143121 90699999982302301142121 90699996002306002212611998
1 3241906 3313659982301112521                                                998
3 3321906 4 73659982301512121                                                998
3 2812906 2193652552301141213 99999999992559999999993                        999
2  922905 620600  25001143121 9059999  29989991212121                          2
3  131904 8126002006001112213                                                200
1  691905 4996002006001112111                                                200
3 138190510186002001741114123                                                200
1 139290510186002006001142111 90510186002006001514143                        200
3 137190510186002006001114143                                                200
1  241904 5996002206001112111                                                220
3  463905 4146002206001141113 90599992206002201143999 99999996009996009999999220
2  742905 4266002206001143121 99999999996009991112991                        220
3  593905 6 16002206001141113 90599992206002201143999 99999996009996009999999220
3 1221905 8186002206001112213                                                220
3 1272905 8226002206001642121 90599996002206001512213                        220
3 1302905 8266002206001642121 90599996002206001512213                        220
3 2231906 2196002206001111523                                                220
3 1991906 1306002301711114123                                                230
1  171905 3316002556001212111                                                255
1  411905 4126002556001212111                                                255
1  561905 5176002556001112111                                                255
2 1752905 6996002556001143121 99999992556006001111121                        255
1 187290510226009986001142121 99999996009989991212991                        998
1 140390511106009986001142111 90599996009982101143111 90599999986006001232151998
1 1741906 1166009982301212121                                                998
2 1872906 1226009982301143121 90699999986006001232151                        998
2 1983906 1276009982301143121 90699999986002301142121 90699996009986001423151998
2 2042906 2 66009982301143121 90699999986002301612611                        998
2 2642906 2236009986001143121 90699999986006001212611                        998
2 2652906 2246009982301143121 99999999996006009999999                        998
2 3022906 3 86009982301143121 90699999986006001212611                        998
1 5071906 3316009982301112521                                                998
2 1022905 6996009996001143121 99999999999999991112111                        999
1 3531906 3319982206002212611                                                220
1 3551906 3319982206001212611                                                220
1 3541906 3319982306002212611                                                230
1 1481906 1 39982552551121121                                                255
1 2892906 1999982302301142121 90699996002306002212611                        600
3 2013906 2 39986002301642121 90699999986002301142121 90699996009986001423151600
2  93190699999986006001512992                                                600
1 1921906 1249989982301112521                                                998
1 2352906 1999989992301142122 99999999989989999999991                        999
3 2342906 1999989992301142122 99999999986006001223163                        999
1 2322906 1999989992311142121 99999999986006001212521                        999
1 2332906 1999989992301142122 99999999989999999999991                        999
