135412938 930  2999  21141111 938 9302009982551112521                        200
135422938 930  2999  21141111 938 9302209982551112521                        220
231552938 528  2255  21643121 99999992553152091211533                        255
234892938 926  2255  21143121 99999992553152091212121                        255
234992938 927  2255  21143121 99999992553152091212121                        255
135432938 930  2999  21141111 938 9302559982551112521                        255
231562938 528  2315  21643121 99999993152552091211533                        315
132531938 8 6  23153151112111                                                315
234882938 926  2315  21143121 99999993152552091212121                        315
135442938 930  2999  21141111 938 9303259982551112521                        325
132511938 8 6200  23151112111                                                  2
127563938 3222002202001141211 99999992203152201143121 99999993152552091112521220
127572938 3222002202001642121 99999992002552091211593                        220
130291938 4272002202001212111                                                220
130353938 4292002202001142121 93899992002552092643121 99999992553153151211533220
130373938 4292002202001142121 93899992003152092143121 99999993152553151132719220
130301938 4292002202001112521                                                220
130332938 4292002202001142121 93899992002202091211131                        220
330391938 4292002202001512111                                                220
131282938 5222002202001142422 99999992002202091299991                        220
131643938 6 12002552551141111 93899992203152091142321 99999992203153151112533220
331912938 7 72002202001641113 99999992203153151212533                        220
132141938 7202002202201212111                                                220
332201938 7222002202201512111                                                220
132671938 8132002202201112111                                                220
133031938 8302002203151112111                                                220
133071938 8312002202001112111                                                220
133982938 9112002202001642121 99999992002552091211533                        220
133771938 9112002202251112111                                                220
333873938 9122002202001642121 99999992002202001142221 99999992002552091211533220
133951938 9142002202201112111                                                220
134231938 9172002202001112111                                                220
334262938 9182002202001142421 99999992002552551211533                        220
134251938 9182002202201112521                                                220
134901938 9262002202001112111                                                220
235012938 9272002202001643121 99999992202552091211533                        220
135502938 9302009992001141111 938 9302209982551112521                        220
13559293810 12002202001141111 938 9302209982551112521                        220
13560393810 22002202001141111 938 9302002552551642121 99999992002552091211533220
13563293810 32009992001141111 938 9302209982551112521                        220
127161938 3 32002552551112111                                                255
127311938 3102002552001212111                                                255
327381938 3132002552001512111                                                255
327491938 3152002552001221133                                                255
227672938 3242002552001143121 99999992553152091112521                        255
327691938 3242002552001321133                                                255
330722938 5 72002559991142221 99999992002552091211533                        255
230703938 5 72002552001141112 938 5 72003153152143121 99999993152553151132719255
230732938 5 72002559991643321 99999992553153151211533                        255
130753938 5102002552551142121 99999992003152091143121 99999993152553151132719255
130781938 5112002552551112111                                                255
130841938 5122002552551112111                                                255
331012938 5202002552551141113 938 5202553152551211313                        255
131091938 5212002552551112111                                                255
131251938 5222002552551112111                                                255
331192938 5222002552001642222 99999992002552091611993                        255
231202938 5222002552001143321 99999992553153151611533                        255
131322938 5232009992001141111 938 5232553152551411313                        255
231503938 5262002552001143121 99999992552002551142121 99999992002552091212142255
131633938 6 12002552551141111 93899992003152091142321 99999992003152092699991255
131712938 6 82002552001141211 99999992002552091699993                        255
231731938 6 92002553151212342                                                255
132041938 7162002552551112111                                                255
132133938 7192002552001141111 938 7192552002001141211 99999992553152091611993255
132101938 7192002552001212111                                                255
232172938 7222002552001642121 99999992003152091212342                        255
332241938 7232002552001512111                                                255
132312938 7262009992001641211 99999992553152091611533                        255
132721938 8182002553151112111                                                255
232902938 8272002552001643121 99999992553152091211533                        255
332892938 8272009992001141213 99999992553152091211533                        255
332382938 8992002552551642121 99999992003152091211121                        255
233172938 9 12002552551643112 93811 12553152091211523                        255
133101938 9 12002552551112111                                                255
333391938 9 62002552001211313                                                255
133541938 9 82002552551112111                                                255
133581938 9 92002552551112111                                                255
233612938 9102002552551643321 99999992553152091211533                        255
333622938 9102002552551142222 99999992002552091211993                        255
234032938 9142002552001143111 938 9152552002091212121                        255
134061938 9152002552551112121                                                255
134083938 9152002552551642121 99999992002552091141213 99999993152553151132111255
134631938 9222002552551212121                                                255
334821938 9242002552001311313                                                255
334811938 9242002551741211313                                                255
334771938 9242002552551512121                                                255
134861938 9262002552551112121                                                255
234972938 9272002552001643121 99999992553152091211533                        255
234982938 9272002552001143121 99999992552002091212121                        255
334962938 9272002552001142421 99999992002552091211533                        255
335021938 9272002552001211333                                                255
335051938 9282002552001211353                                                255
335342938 9302003152552142321 99999992553153151132143                        255
135272938 9302002552551642121 99999992002552091621533                        255
135512938 9302009992001141111 938 9302559982551112521                        255
335222938 9302002552552142311 93810 12553153151211653                        255
13643193810 12002552001511313                                                255
13644193810 12002552001511333                                                255
13564293810 32009992001141111 938 9302559982551112521                        255
33608193810102002552001321133                                                255
127011938 2172003153151112111                                                315
127702938 3242003152001141111 938 3193152553151112719                        315
227682938 3242003152001143121 99999993152552091112521                        315
130451938 4252003152001112111                                                315
330532938 5 22003152001642121 99999992003152091212511                        315
130511938 5 22003152001112111                                                315
230542938 5 22003152001143121 99999993152553151132719                        315
130712938 5 72002552551141211 99999993152553151132719                        315
230692938 5 72003153152143121 99999993152553151132719                        315
130651938 5 72003153151112111                                                315
130821938 5122003152001212111                                                315
330861938 5142003152001512111                                                315
231493938 5262003152001143121 99999993152003151142121 99999992003152091212142315
231721938 6 92003153151212342                                                315
132001938 7142003153151112111                                                315
232023938 7182003152001143221 99999993152002091143121 99999992003152001212342315
332032938 7182003152001142322 99999992003152091999993                        315
232232938 7232003153151143121 99999993152553151132719                        315
132211938 7232003153151112111                                                315
232282938 7252003152001142111 938 8 22003153151212342                        315
232421938 8 32003153151212342                                                315
232442938 8 32003153151643121 99999993152553151211719                        315
132913938 8272009992001141111 938 8193152003151142111 938 9 23152553151112719315
133302938 9 32003153151141211 99999993152553151132719                        315
333322938 9 32003153151141213 99999992002552091211533                        315
133091938 9 42003152001112111                                                315
233922938 9142003152202143121 99999993152553151132719                        315
234312938 9192003152002143121 99999993152553151132111                        315
234362938 9192003152002143121 99999993152202201512511                        315
234352938 9192003152002143121 99999993153653651512511                        315
234432938 9202003153151642121 99999992002552092212142                        315
234532938 9212003153152143121 99999993152553151132111                        315
134621938 9222003152001114251                                                315
234702938 9232003152001143121 99999993152553151311353                        315
234763938 9242003153151143121 938 9803152553151142111 93810 12553153151211653315
234953938 9272003152001141212 99999992002552001142121 99999992553153151132143315
134931938 9272003153151112111                                                315
235323938 9302003152552143311 938 9303152553151142111 93810 12553153151211653315
13567193810 32003153151123131                                                315
13566393810 32009992001141111 938 9203152553151142111 93810 12553153151211653315
135091938 9282003253251112111                                                325
135522938 9302009992001141111 938 9303259982551112521                        325
13565293810 32009992001141111 938 9303259982551112521                        325
327722938 3242003652001141213 99999992009982091212111                        365
131141938 5212009982201112111                                                998
135141938 9292009982551212121                                                998
335301938 9302009982551512121                                                998
135191938 9302009982551112521                                                998
13588393810 62009992001141111 93810 59982552551142121 99999992553153151311653998
327653938 3242009992001642121 99999992003152001142421 99999992002552091211533999
130023938 4 82009992001141111 938 3242009992001642421 99999992002552091211533999
132412938 8 22009992001141211 938 8 32003153151212342                        999
332872938 8262009992001142111 938 9 62002551851211313                        999
335032938 9272009992001142111 938 9282002552001211353                        999
135042938 9282009992001641211 99999992002552091211533                        999
135492938 9302009992001141111 938 9302009982551112521                        999
13562293810 32009992001141111 938 9302009982551112521                        999
13574293810 52009992201141111 938 9302009982551112521                        999
13625293810202009992001141111 93810102002552001321133                        999
127633938 3242202002201141211 99999992002552092143322 99999992553152091699993200
127623938 3242202002201141211 99999992202552092142222 99999992202552092299993200
127613938 3242202002201141211 99999992002552092142222 99999992002552092299993200
127643938 3242202002201141211 99999992202552092143322 99999992553152091699993200
130273938 4272202552001141211 99999992003152091143121 99999993152552091112521200
130281938 4272202002001212111                                                200
130311938 4292202002001112521                                                200
130363938 4292202002001142121 93899992203152092143121 99999993152553151132719200
330381938 4292202002001512111                                                200
130343938 4292202002001142121 93899992202552092143121 99999992553153151611533200
130322938 4292202002001142121 93899992202002091211131                        200
331352938 5232202002201142421 99999992203153151112533                        200
132151938 7202202002201212111                                                200
232163938 7202202002201143121 99999992003152091142421 99999992002552091211533200
332191938 7222202002201512111                                                200
332262938 7232202552201141213 99999992003152091212342                        200
132292938 7252202002201141211 938 8 22003153151212342                        200
132681938 8132202002201112111                                                200
133041938 8302202003151112111                                                200
133061938 8312202002001112111                                                200
333492938 9 82202002201142421 99999992202552091211533                        200
133702938 9102202002001641211 99999992202552091211533                        200
133761938 9112202002251112111                                                200
233863938 9122202002201143121 99999992002202001142221 99999992002552091211533200
133902938 9132202002201642121 99999992202552091211533                        200
133961938 9142202002201112111                                                200
133972938 9142202002201641211 99999992202552091211533                        200
134221938 9172202002001112111                                                200
134283938 9182202002001142121 99999992203152091143121 99999993152553151132111200
134241938 9182202002201112521                                                200
134272938 9182202002001642421 99999992202552551211533                        200
134911938 9262202002001112111                                                200
13597293810 82209992201141111 938 9302009982551112521                        200
327131938 2222202552201221133                                                255
327261938 3 52202552201321133                                                255
327351938 3122202552201211333                                                255
130042938 4142202552551142222 99999992203153151299991                        255
230052938 4142202552551643321 99999992553153151211533                        255
330551938 5 32202552201321133                                                255
130881938 5172202552551112111                                                255
230912938 5172202552551643321 99999992553153151211533                        255
330902938 5172202552551142221 99999992202552091211533                        255
230962938 5192202552201643321 99999992552202091211533                        255
330952938 5192202552201142221 99999992202552091211533                        255
331342938 5232202552201142421 99999992203153151112533                        255
231462938 5252202552201143121 99999992553153151211993                        255
131451938 5252202552201112111                                                255
131572938 5292209992201641211 99999992553153151211533                        255
331801938 6142202552201121133                                                255
131952938 7122209992201641211 99999992553152091211533                        255
132351938 7292202552201112111                                                255
332652938 8122209992201141113 938 8122559992551211333                        255
132761938 8182202552551112111                                                255
332941938 8282202552201211313                                                255
233002938 8302202552201643121 99999992553152091211533                        255
133141938 9 12202552201112111                                                255
333121938 9 12202552201321133                                                255
233202938 9 22202552201643321 99999992553152091211533                        255
333192938 9 22202552201142221 99999992202552091211533                        255
333351938 9 42202552201311333                                                255
333361938 9 52202552201311333                                                255
333441938 9 72202552201311313                                                255
133421938 9 72202552551112111                                                255
133501938 9 82202552201511313                                                255
333561938 9 92202552201211353                                                255
333691938 9102202552201311333                                                255
333683938 9102209992201141113 938 9102559992551142422 99999992553153151999993255
333781938 9112202552201311333                                                255
333823938 9122209992201141113 938 9122553152551143121 99999993152553151132719255
334711938 9232202552201311353                                                255
334801938 9242202552201311333                                                255
335232938 9302202552552142311 93810 12553153151211653                        255
335352938 9302203152552142321 99999992553153151132143                        255
13557193810 12202552201511333                                                255
13641193810 12202552201511313                                                255
13575293810 52209992201141111 938 9302559982551112521                        255
13599293810 82209992201141111 938 9302559982551112521                        255
13622193810182202552551112111                                                255
130011934 4 22203152201112111                                                315
127041938 2172203153151112111                                                315
127152938 2992203152201642121 99999992203153151212533                        315
327482938 3142203152201142421 99999992202552091211533                        315
127461938 3142203152201112111                                                315
127712938 3242203152201642121 99999992203153151212533                        315
130241938 4262203152201112111                                                315
130421938 4302203152201112111                                                315
230682938 5 72203153152143121 99999993152553151132719                        315
130671938 5 72203153151112111                                                315
331162938 5212203152201142422 99999992202552091211533                        315
131981938 7142203153151112111                                                315
333332938 9 32203153151141213 99999992202552091211533                        315
133312938 9 32203153151141211 99999993152553151132719                        315
133673938 9102209992201141111 938 9103159993151141211 99999993152552551999991315
233912938 9142203152202143121 99999993152553151132719                        315
234342938 9192203152002143121 99999993152202201512511                        315
234322938 9192203152002143121 99999993152553151132111                        315
234332938 9192203152002143121 99999993153653651512511                        315
234442938 9202203153151642121 99999992202552092212142                        315
234522938 9212203153152143121 99999993152553151132111                        315
334542938 9212203153151142221 99999992203153151512511                        315
235333938 9302203152552143311 938 9303152553151142111 93810 12553153151211653315
13576293810 52209992201141111 938 9303259982551112521                        325
13598293810 82209992201141111 938 9303259982551112521                        325
133741938 9112203652251112111                                                365
133791938 9112203653651112111                                                365
131131938 5212209982201112111                                                998
135151938 9292209982551212121                                                998
335291938 9302209982551512121                                                998
135201938 9302209982551112521                                                998
331942938 7122209992201142421 99999992202552091211533                        999
332992938 8302209992201142421 99999992202552091211533                        999
133342938 9 42209992201642121 99999992203153151212533                        999
133372938 9 52209992201141111 938 9 52202552201311333                        999
334732938 9232209992201142421 99999992202552091211533                        999
13573293810 52209992201141111 938 9302209982551112521                        999
43595293810 82209992201141114 938 9302203152551112533                        999
13596293810 82209992201141111 938 9302209982551112521                        999
13632293810272209992201141211 99999992202552091112521                        999
13558293810 12302552551141111 93810 12553153151211653                        255
331613938 5302559992551141113 938 528  2255  21143121 99999992553152091611533  2
327192938 3 32552002551142422 99999992553153151299993                        200
127171938 3 32552002551112111                                                200
327202938 3 32552002551142422 99999992553053051299993                        200
127182938 3 32552002551642122 99999992002552091299993                        200
127301938 3102552002001212111                                                200
327371938 3132552002001512111                                                200
127733938 3252552002551141111 938 3242003152001642421 99999992002552091211533200
230412938 4302559992551141112 938 4292002202001112521                        200
130791938 5112552002551112111                                                200
130831938 5122552002551112111                                                200
130852938 5132552002551142121 99999992553152551611313                        200
431022938 5202552002551141114 938 5202553152551211313                        200
131101938 5212552002551112111                                                200
131261938 5222552002551112111                                                200
131272938 5222552002551142121 99999992553153151611533                        200
331333938 5232559992551141113 938 5702009992001641113 938 5203152553151211313200
132051938 7162552002551112111                                                200
232082938 7182552002001143121 99999992003152091212342                        200
132111938 7192552002001212111                                                200
132122938 7192552002001141211 99999992553152091611993                        200
332251938 7232552002001512111                                                200
232322938 7262559992551141212 938 8 22003153151212342                        200
332452938 8 32559992551141113 938 8 32003153151212342                        200
132711938 8182552003151112111                                                200
332791938 8202552002551112173                                                200
332933938 8272559992551141113 938 8272002552001143121 99999992553152091611533200
332963938 8292559992551141113 938 8272002552001143121 99999992553152091611533200
333012938 8302559992551141113 938 8302002552001112719                        200
133111938 9 12552002551112111                                                200
333272938 9 22552002551642122 99999992553152091699993                        200
133531938 9 82552002551112111                                                200
133571938 9 92552002551112111                                                200
134042938 9142552002551142111 938 9152552002091212121                        200
134071938 9152552002551112121                                                200
134641938 9222552002551212121                                                200
134672938 9222552002551141211 938 9802553153151211653                        200
134752938 9242552002551142411 93810 12553152091611533                        200
334781938 9242552002551512121                                                200
134871938 9262552002551112121                                                200
135262938 9302552002551142121 99999992552002091611533                        200
135242938 9302552002551142321 99999992553153151611533                        200
13584293810 52559992551141111 938 9302009982551112521                        200
13604293810 92559992551141111 938 9302009982551112521                        200
23616293810142552002001143121 99999992002552091112521                        200
130891938 5172552202551112111                                                220
330922938 5172552202551142221 99999992552202091211533                        220
230932938 5172552202551143322 99999992203153151611121                        220
131441938 5252552202201112111                                                220
132361938 7292552202201112111                                                220
332371938 8 42552202551321133                                                220
332701938 8152552202551211313                                                220
132751938 8182552202551112111                                                220
133131938 9 12552202201112111                                                220
333382938 9 52559992551141113 938 9 52202552201311333                        220
333451938 9 72552202551311313                                                220
133431938 9 72552202551112111                                                220
135252938 9302552202551142221 99999992553153151611533                        220
13642193810 12552202551511313                                                220
13561293810 22559992551141111 938 9302209982551112521                        220
13585293810 52559992551141111 938 9302209982551112521                        220
13602293810 92559992551141111 938 9302209982551112521                        220
13621193810182552202551112111                                                220
13624293810202553102551642121 99999993103153151132173                        310
127092938 2202559992551141211 99999993152553151132719                        315
127322938 3112553152551142121 99999992553153151611653                        315
127432938 3132553152551142122 99999992553153151699993                        315
327402938 3132553152551141113 938 3122553153151111443                        315
327412938 3132553152551141113 99999992553153151611443                        315
327531938 3182553153051211313                                                315
227542938 3192553152551143121 99999993153653651512511                        315
127552938 3222559992551141111 99999993152553151112719                        315
927602938 3232553152551142321 99999992553152551212719                        315
227592938 3232553152551143321 99999993152553151512719                        315
127662938 3242553152551141111 938 3233152553151512719                        315
127762938 3262559992551141211 99999993152553151132719                        315
127801938 3282553152551112111                                                315
327813938 3292553152551141113 938 3283159993151642121 99999993152553151132719315
230152938 4222553152551143121 99999993152553151132719                        315
230182938 4242553152551143121 99999993152553151132719                        315
230222938 4252553152551143121 99999993152553151132719                        315
331032938 5202559992551141113 99999993152553151712213                        315
331001938 5202553152551211313                                                315
131082938 5212559992551141111 99999993152553151212213                        315
331242938 5222559992551141113 938 5213152553051111523                        315
131231938 5222553152551411313                                                315
231222938 5222553152551143121 99999993152553151132719                        315
331212938 5222553152551141113 938 5213152553151111719                        315
331302938 5232559992551141113 938 5703152552551111523                        315
331312938 5232559992551141113 99999993152553151212213                        315
131291938 5232553152551411313                                                315
131371938 5242553153151112111                                                315
331412938 5242559992551141113 938 5243152552551111443                        315
331402938 5242559992551141113 938 5203152553151211353                        315
331381938 5242553152551311313                                                315
331422938 5252553152551141113 938 5243152552551111443                        315
331432938 5252553152551141113 938 5203152553151211313                        315
131511938 5272553152551511313                                                315
331582938 5292559992551141113 938 5993152552551711443                        315
130462938 5992559993151141211 99999993152553151132719                        315
331672938 6 12559992551141113 938 6 13152552551111443                        315
331662938 6 12553152551141113 938 6 13152553151111719                        315
331772938 6112559992551141113 99999993152553151112213                        315
331782938 6122559992551141113 99999993152553151212213                        315
331792938 6122559992551141113 99999993152553151711313                        315
231822938 6182553152551143321 99999993152552551611443                        315
331832938 6182553152551142222 99999992553152091999993                        315
331812938 6182553152551141113 938 6183152552551111443                        315
131851938 6202553152551112111                                                315
131873938 6202553152551141111 938 6182553152551142222 99999992553152091999993315
331882938 7 22559992551141113 99999993152553151632719                        315
131931938 7102553152551112111                                                315
332062938 7162559992551141113 938 7603152553151311313                        315
332093938 7182559992551141113 938 7163159993151141114 938 7603152553151311313315
332182938 7222552002001141113 93899993152553151112719                        315
332342938 7272553152551141213 99999993152553151112719                        315
332401938 8 22553152551211313                                                315
332462938 8 32559992551141113 938 8 33152552551111443                        315
332493938 8 42553153151141113 938 8 43152553151141113 938 8 33152552551111443315
332472938 8 42553153151141113 938 8 33152552551111443                        315
332563938 8 62559992551141113 938 8 63159993151141113 99999992553153151711443315
332582938 8 82559992551141113 938 8503152553151114719                        315
332661938 8122553153151111443                                                315
332641938 8122553152551211333                                                315
332771938 8182553153151111443                                                315
132742938 8182559992551141211 99999993152553151132719                        315
332952938 8292559992551141113 99999993152553151632719                        315
332972938 8292553153151141113 938 8803152553151114719                        315
333022938 8302559992551141113 99999993152553151712213                        315
133161938 9 12553152551212111                                                315
333261938 9 22553152551512111                                                315
233282938 9 22553152551143121 99999993152553151132719                        315
133411938 9 72553152551212111                                                315
333473938 9 72559992551141113 938 9 73152553151142121 99999993152553151112719315
333511938 9 82553152551512111                                                315
233592938 9 92553152551143121 99999993152553151132719                        315
333642938 9102553152551142422 99999992553153151999993                        315
333733938 9112559992551141113 938 9103159993151141211 99999993152552551999991315
233842938 9122553152551143121 99999993152553151132719                        315
233832938 9122553152551143121 99999993152553151512213                        315
333852938 9122553152551142422 99999992553153151999993                        315
334001938 9142553152551311313                                                315
333942938 9142559992551141113 938 9133152553151112213                        315
134011938 9142553152551112111                                                315
334091938 9152553153151132163                                                315
334172938 9162559992551141113 99999993152553151712213                        315
134142938 9162553152551141111 938 9162553152551112213                        315
334121938 9162553152551112213                                                315
334301938 9182553153151114123                                                315
334452938 9202559992551141113 938 9703152552551111523                        315
334601938 9212553153151111523                                                315
334652938 9222552002551141113 938 9703152553151112213                        315
334681938 9232553159991111513                                                315
334841938 9242553153151114123                                                315
234832938 9242553152551143111 93810 13152553151511353                        315
234923938 9262553152551143121 938 9803152553151142111 93810 12553153151211653315
335001938 9272553152551311333                                                315
335062938 9282553152551142311 93810 12553152091211523                        315
235072938 9282553152551143311 938 9803152553151132111                        315
335121938 9282553153151114123                                                315
335171938 9292553153151114123                                                315
335531938 9302553153151114123                                                315
33554193810 12553153151211653                                                315
33570193810 42553153151111523                                                315
23577293810 52553152551143121 99999993153153151112719                        315
23582293810 52553152551143121 99999993152552551123241                        315
33593193810 82553153151311653                                                315
13594293810 82553152551141111 93810 13152553151111413                        315
13600193810 92553152551511333                                                315
33607293810 92559992551141113 93810503152553151112213                        315
13610193810132553152551112111                                                315
13613193810142553152551112111                                                315
13620293810182553152551142121 99999992553153151411653                        315
33634193810282553153151311653                                                315
13636193810292553152551112521                                                315
130491938 5 22553253251112111                                                325
13586293810 52559992551141111 938 9303259982551112521                        325
13603293810 92559992551141111 938 9303259982551112521                        325
132811938 8222553653651112111                                                365
332832938 8222553653651142421 99999992553152091211533                        365
232842938 8222553653651143121 99999993652552091611533                        365
132822938 8222553653651141211 99999992553152091611533                        365
327581938 3232559982551321133                                                998
135131938 9292559982551212121                                                998
335311938 9302559982551512121                                                998
135181938 9302559982551112521                                                998
13589393810 62559992551141111 93810 59982552551142121 99999992553153151311653998
327102938 2202559992551142121 99999992559982551321133                        999
127253938 3 42559992551141111 938 2202559992551141211 99999993152553151132719999
230262938 4272559992551141212 99999992553152091112521                        999
131522938 5272559992551141111 938 5272553152551511313                        999
332631938 8122559992551321133                                                999
132692938 8132559992551141111 938 8122559992551211333                        999
132732938 8182559992551141111 938 8152559992551211313                        999
133292938 9 32559992551141111 99999992559992551711313                        999
133712938 9112559992551141111 938 3132553053051132143                        999
134202938 9172559992551142421 99999992553152091611533                        999
135082938 9282559992551142111 938 9292559982551212121                        999
13569293810 32559993151141111 93810 12553153151211653                        999
13583293810 52559992551141111 938 9302559982551112521                        999
13592293810 72559992551141111 93810 12553153151211653                        999
13606293810 92559992551141211 99999992559982091611533                        999
13601293810 92559992551141111 938 9302559982551112521                        999
13605293810 92559992551141111 93810 12553153151311653                        999
13631293810262559992551141111 93810 12553153151211653                        999
23638293810302559992551142111 93811 22553102091212142                        999
23639293810302559992551142111 93811 22553152091212142                        999
332571938 8 73053153051114213                                                315
23633293810273102553101142121 99999992553102091212142                        255
327452938 314315  23151142421 99999993152552091211533                          2
132521938 8 6315  23151112111                                                  2
127021938 2173152003151112111                                                200
227283938 3 63152003151143121 99999992009992001142422 99999992003152091999991200
130441938 4253152002001114151                                                200
130521938 5 23152002001112111                                                200
130641938 5 73152003151112111                                                200
130811938 5123152002001214151                                                200
330871938 5143152002001514151                                                200
131762938 6113152003151141111 938 6 92002553151212342                        200
131991938 7143152003151112111                                                200
232272938 7233152003151143121 99999992003153151212342                        200
132221938 7233152003151112111                                                200
232302938 7253152003151142111 938 8 22003153151212342                        200
932782938 8193152003151142111 938 9 23152553151112719                        200
132923938 8273159993151141111 938 8272009992001141213 99999992553152091211533200
133081938 9073152002001114151                                                200
234163938 9163152002001143121 99999992002552001642121 99999992553153151132143200
334112938 9163152003151142421 99999993152552091211533                        200
234412938 9203152002001143121 99999992002552092212142                        200
134941938 9273152003151112111                                                200
335372938 9303159993151141113 938 9302009982551112521                        200
33578293810 53159993151141113 938 9302009982551112521                        200
127031938 2173152203151112111                                                220
127223938 3 43152203151141111 938 2992203152201142121 99999992203153151612533220
227273938 3 63152203151143121 99999992209992201142422 99999992203152091999991220
127471938 3143152202201112111                                                220
130001938 4 23152202201112111                                                220
130231938 4263152202201112111                                                220
930252938 4263152202201142121 99999993152553151632719                        220
130431938 4303152202201112111                                                220
130661938 5 73152203151112111                                                220
131971938 7143152203151112111                                                220
234153938 9163152202201143121 99999992202552201642121 99999992553153151132143220
234382938 9193152203151143121 99999992203153151612533                        220
234422938 9203152202001143121 99999992202552092212142                        220
335382938 9303159993151141113 938 9302209982551112521                        220
33579293810 53159993151141113 938 9302209992551112521                        220
327113938 2213159993151141113 938 2202559992551141211 99999993152553151132719255
127142938 2223159993151141211 99999992553153151632143                        255
127242938 3 43152553151642122 99999992553153151299993                        255
127232938 3 43152553151141211 99999993152552091112521                        255
227343938 3113152553151143121 99999992559992551142122 99999992553152091699993255
327361938 3123152553151112183                                                255
327392938 3133159993151141113 938 3122553153151111443                        255
327441938 3143152553151211313                                                255
127791938 3283152552551114151                                                255
330031938 4133152553151221133                                                255
130061938 4163152553151114251                                                255
230082938 4163152553151143122 99999992553152091699993                        255
330091938 4193152553151114223                                                255
330102938 4193152553151141113 938 4193152553151114223                        255
230142938 4203152553151143321 99999992553153151611533                        255
330132938 4203152553151142221 99999993152552091211533                        255
130212938 4253152553151642121 99999993152202201512521                        255
930192938 4253152553151142121 99999993152553151612719                        255
130202938 4253152553151642121 99999993153653651512521                        255
130401938 4293152553151114251                                                255
130471938 5 13152553151114251                                                255
330481938 5 13152553151114213                                                255
330561938 5 43152553151114213                                                255
130631938 5 63152553151114251                                                255
130741938 5 93152553151114251                                                255
930772938 5113152553151142121 99999993152553151112719                        255
130801938 5113152553151114251                                                255
130941938 5183152553151114251                                                255
130971938 5193152553151114251                                                255
231052938 5203152553151143321 99999992553153151611533                        255
131071938 5203152553151114251                                                255
330991938 5203152553151311313                                                255
931062938 5203152553151142121 99999993152553151112719                        255
330981938 5203152553151211353                                                255
331042938 5203152553151142221 99999993152552091211533                        255
331121938 5213152553151311313                                                255
331111938 5213152553151211333                                                255
131361938 5243152553151112111                                                255
331391938 5243152553151311333                                                255
331482938 5263152553151141113 99999992553153151711443                        255
131532938 5273152553151141111 938 5213152553151211333                        255
131541938 5283152553151411313                                                255
131602938 5303152553151142121 99999993152552551611443                        255
331591938 5303152553151321133                                                255
331622938 5313152552551141113 938 5802553153151111443                        255
931692938 6 63152553151142121 99999993152553151632719                        255
331701938 6 83152553151311353                                                255
131752938 6 93152553151642121 99999992553153151111553                        255
331863938 6203152552551141113 938 6182553152551142222 99999992553152091999993255
131841938 6203152552551112111                                                255
131891938 7 33152553151114251                                                255
131921938 7103152552551114151                                                255
331962938 7133159993151141113 938 7132553153151111443                        255
132012938 7153152553151141111 938 7153152553151112719                        255
932332938 7263152553151142121 99999993152553151112719                        255
932392938 8 13152553151142121 99999993152553151632719                        255
332482938 8 43152553151141113 938 8 33152552551111443                        255
332543938 8 63159993151141113 938 8 42553153151141113 938 8 33152552551111443255
332552938 8 63159993151141113 99999992553153151711443                        255
332593938 8 93159993151141113 938 8 82559992551141113 938 8503152553151114719255
332622938 8103159993151141113 938 8 92553153151111443                        255
332613938 8103159993151141113 938 8 32559992551141113 938 8 32003153151212342255
332863938 8253159993151141113 99999992559992551741113 99999993152553151712213255
132981938 8293152553151114251                                                255
333052938 8303152553151141113 938 8803152553151114719                        255
133151938 9 13152552551214151                                                255
333251938 9 23152552551514151                                                255
133181938 9 23152553151114251                                                255
133401938 9 73152552551214151                                                255
933462938 9 73152553151142121 99999993152553151112719                        255
333521938 9 83152552551514151                                                255
133481938 9 83152553151114251                                                255
133601938 9 93152553151114251                                                255
133721938 9113152553151114251                                                255
133811938 9123152553151114251                                                255
133891938 9133152553151114251                                                255
134021938 9143152552551114151                                                255
333991938 9143152553151311333                                                255
334181938 9153152553151212213                                                255
134051938 9153152553151114251                                                255
134102938 9163152003151642121 99999992553153151132143                        255
334132938 9163152553151141113 938 9162553152551112213                        255
334191938 9173152553151312213                                                255
134391938 9193152553151114251                                                255
334402938 9203152553151642121 99999993152553151132111                        255
334591938 9213152553151114213                                                255
134661938 9223152553151114251                                                255
334721938 9233152553151311353                                                255
334691938 9233152559991111513                                                255
134852938 9253159993151642121 99999992553153151211653                        255
335362938 9303159993151142111 93810 12553153151211653                        255
335392938 9303159993151141113 938 9302559982551112521                        255
13556193810 13152553151114251                                                255
33555193810 13152553151111413                                                255
33568293810 33159993151141113 93810 12553153151211653                        255
33580293810 53159993151141113 938 9302559982551112521                        255
13611193810133152552551112111                                                255
33612293810133159993151141113 93810602553153151311653                        255
13615293810143152552551142122 99999993152552551912161                        255
13614193810143152552551112111                                                255
33617293810153159993151141113 93810602553153151311653                        255
33623293810193159993151141113 93810602553153151311653                        255
13628193810243152553151114251                                                255
13629193810253152553151323151                                                255
23630293810263152553151142121 99999992553152091212142                        255
13637193810293152553151133131                                                255
13635193810293152552551112521                                                255
13591193810 63153173171132151                                                317
13618193810173153173151112111                                                317
335402938 9303159993151141113 938 9303259982551112521                        325
33581293810 53159993151141113 938 9303259982551112521                        325
127051938 2173153453151112111                                                345
127081938 2173153603151112111                                                360
234372938 9193153653151143121 99999993653153151612533                        365
134492938 9203159993651141211 99999993652552091211533                        365
334462938 9203153653651642121 99999993152553151132111                        365
334472938 9203153653651142421 99999993152552091211533                        365
13626193810213153653151112111                                                365
127002938 1313159992251141111 99999993983989991712511                        398
130571938 5 43159983601212111                                                998
330601938 5 53159983601512111                                                998
131151938 5213159982201112111                                                998
33590393810 63159993151141113 93810 59982552551142121 99999992553153151311653998
927122938 2213159993151642121 99999993152553151132719                        999
327212938 3 43159993151142421 99999993159992091211533                        999
127292938 3 63159993151141211 99999993152552091212121                        999
427332938 3113159993151141114 99999993152553151211353                        999
427422938 3133159993151141114 99999993152553151211353                        999
127752938 3253159993151142121 99999993152552091611533                        999
127742938 3253159993151141111 938 3193152553151112719                        999
927772938 3283159993151142121 99999993152553151112719                        999
927782938 3283159993151642121 99999993152553151132719                        999
130072938 4163159993151141211 99999993152552091611533                        999
330112938 420315999  21142421 99999993152552091211533                        999
430122938 420315999  21141114 99999993152553151212213                        999
131182938 5213159993151141211 99999993152552091611533                        999
131172938 5213159993151141111 938 5203152553151211313                        999
431652938 6 13159993151141114 938 5803152553151411313                        999
131682938 6 23159993151141211 99999993152552091611533                        999
331742938 6 93159993151642121 99999993152553151511313                        999
331902938 7 43159993151642121 99999993152553151411313                        999
432072938 7163159993151141114 938 7603152553151311313                        999
932432938 8 33159993151142121 99999993152553151632719                        999
932882938 8263159993151142121 99999993152553151632719                        999
133632938 9103159993151141211 99999993152552551999991                        999
934292938 9183159993151642121 99999993152553151132719                        999
134612938 9213159993151142121 99999993152553151132111                        999
13619193810173173153151112111                                                315
135101938 9283252003251112111                                                200
130501938 5 23252553251112111                                                255
235112938 9283252553251143121 938 9802553152551611353                        255
233552938 9 83253153251143121 99999993152553151132719                        315
233882938 9133253153251143121 99999993152553151132719                        315
133932938 9143252003251141211 99999993152553151132719                        315
135161938 9293259982551212121                                                998
335281938 9303259982551512121                                                998
135211938 9303259982551112521                                                998
127061938 2173453153151112111                                                315
132601938 8 93453153451114251                                                315
130581938 5 43459983601212111                                                998
330611938 5 53459983601512111                                                998
127071938 2173603153151112111                                                315
130591938 5 43609983601212111                                                998
330621938 5 53609983601512111                                                998
227512938 3173652003651143121 99999992009982091212111                        200
233213938 9 23652003651143121 99999992002552092142221 99999992002552092211533200
133233938 9 23652003651142121 99999993652552092142221 99999993652552092211533200
334212938 9173659993651141113 938 9152002552551112121                        200
334513938 9203659993651141113 938 9192003152002143121 99999993152553151132111200
334583938 9213659992251141113 938 9212003153152143121 99999993152553151132111200
334742938 9233652002251142421 99999993652552092211533                        200
335452938 9303659993651141113 938 9302009982551112521                        200
233223938 9 23652203651143121 99999992202552092142221 99999992202552092211533220
133243938 9 23652203651142121 99999993652552092142221 99999993652552092211533220
133801938 9113652203651112111                                                220
133751938 9113652202251112111                                                220
334503938 9203659993651141113 938 9192203152002143121 99999993152553151132111220
334573938 9213659992251141113 938 9212203153152143121 99999993152553151132111220
234562938 9213652202251143421 99999992202552091211533                        220
335462938 9303659993651141113 938 9302209982551112521                        220
33571293810 43659993651141113 93810 12202552091211533                        220
33572193810 43652202201112533                                                220
332852938 8223652553651142221 99999993652552091211533                        255
132801938 8223652553651112111                                                255
333662938 9103652553651142221 99999993652552091211533                        255
233652938 9103652553651143321 99999992553152091611533                        255
335472938 9303659993651141113 938 9302559982551112521                        255
33609193810123652553651321133                                                255
130171938 4233653153151121121                                                315
130162938 4233653153651142421 99999993653153151612533                        315
130762938 5103653153651142422 99999993653152091999991                        315
134482938 9203653153651142121 99999993653153151612533                        315
13627193810213653153151112111                                                315
335482938 9303659993651141113 938 9303259982551112521                        325
327502938 3153659993651142421 99999993652552091211533                        999
327522938 3173659993651142421 99999993652552091211533                        999
331472938 525365999  21142421 99999993652552091211533                        999
334552938 9213659993651142421 99999993652552092211533                        999
334792938 9243659992251142421 99999993652552092211533                        999
33587293810 59982552551142121 99999992553153151311653                        255
