2  422938 3182003683681143111 938 3193682903681612213                        368
2  402938 3182003683681143111 938 3193682902901223151                        368
2  432938 3182003683681143111 938 3193682902901123241                        368
2  412938 3182003683681143111 938 3193682903681512183                        368
2  322938 3182202902201143121 938 3702903682091611993                        290
2  492938 3182203682201143111 938 3313682902901212161                        368
2  512938 3182203682201143111 938 3193682903681512183                        368
2  502938 3182203682201143111 938 3193682902901223151                        368
2  522938 3182203682201143111 938 3193682903681612213                        368
2  532938 3182203682201143111 938 3193682902901123241                        368
2  262938 3172552902901143121 938 3702903682091611993                        290
3  313938 3182552902551141113 938 3172552902901143121 938 3702903682091611993290
1   11938 3 52903253251212111                                                325
3   31938 3 82903253251512111                                                325
1  742938 321290999  21141211 99999993609982091112511                        360
1  722938 321290999  21141211 99999993669982091112511                        366
1  752938 321290999  21141211 99999993679982091112511                        367
3   81938 3122903682901111513                                                368
3   91938 3152903682901211313                                                368
2  202938 3162903682901143311 938 3183682902901223151                        368
2  242938 3162903682901143311 938 3183682903681532719                        368
2  212938 3162903682901143311 938 3183682903681512183                        368
2  192938 3162903682901143311 938 3313682902901212161                        368
3  182938 3162903682901142311 938 3182903682091211533                        368
3  131938 3162903682901114213                                                368
2  222938 3162903682901143311 938 3183682903681612213                        368
2  232938 3162903682901143311 938 3183682902901123241                        368
3  251938 3172903682901114213                                                368
3  302938 3182903682201142121 938 3702903682091612121                        368
2  362938 3182903682901143311 938 3193682903681512183                        368
2  342938 3182903682901143311 938 3313682902901212161                        368
2  372938 3182903682901143311 938 3193682903681612213                        368
3  332938 3182903682901142311 938 3192903682091211533                        368
2  382938 3182903682901143311 938 3193682902901123241                        368
2  352938 3182903682901143311 938 3193682902901223151                        368
1  602938 3192909992901141111 938 3193682902091611533                        368
1  592938 3192903683661142111 938 3312903683681212161                        368
1  611938 3202903682901511313                                                368
1  691938 3212903683661212121                                                368
1  732938 321290999  21141211 99999993689982091112511                        368
1  792938 3232909992901141211 938 3313682902901212161                        368
1  801938 3262903682901112521                                                368
1  841938 3292903682901212111                                                368
1  871938 3312903683681212161                                                368
3  861938 3312903682901512111                                                368
1  762938 321290999  21141211 99999993759982091112511                        375
2  122938 3162903682901642121 93899999992909991212342                        999
1  172938 3162909992901142121 93899992903683681632143                        999
4  143938 3162909992901141114 938 3602903682901142322 93899992903682091999993999
1  622938 3202909992901141211 99999992903683681632143                        999
1  632938 3202909992901141111 938 3702903682091611533                        999
1  712938 321290999  21141211 99999992909982091112511                        999
1  782938 321290999  21142121 99999992903683681632143                        999
4  772938 321290999  21141114 938 3702902552091112521                        999
1   21938 3 53252903251212111                                                290
3   41938 3 83252903251512111                                                290
1   52938 3103259993251142122 93899993252909991999991                        999
3  683938 3203659993651141113 938 3702552902091142121 99999992553683682132173255
3  662938 3203659993651141113 938 3702552902091112521                        255
3  642938 3203659993651141213 99999992909992091211993                        290
3  652938 3203659993651141113 938 3702902552091112521                        290
3  673938 3203659993651141113 938 3702902552091142121 99999992903683682132173290
2  452938 3183653683681143111 938 3193682902901223151                        368
2  482938 3183653683681143111 938 3193682902901123241                        368
2  472938 3183653683681143111 938 3193682903681612213                        368
2  462938 3183653683681143111 938 3193682903681512183                        368
2  442938 3183653683681143111 938 3313682902901212161                        368
3   71938 3123682902091111513                                                290
3   61938 3123682903681211313                                                290
3  162938 3163689993681141113 938 3122903683681111523                        290
2  103938 3163682903681143121 93899992909992901142121 93899999992909991212342290
3  153938 3163689993681141113 938 3602903663661142121 93899992903682091612121290
2  272938 3173682902201143121 938 3702903682091212121                        290
1  562938 3193682903661142121 93899993682903681512183                        290
1  572938 3193682903661142121 93899993682903681612213                        290
1  552938 3193682903661142121 93899993682902901223151                        290
1  542938 3193682903661142111 938 3313682902901212161                        290
1  582938 3193682903661142121 93899993682902901123241                        290
110061938 3203682903681511313                                                290
1  701938 3213682903661212121                                                290
1  811938 3263682902901112521                                                290
1  822938 3263682902901142121 93899993682903681412183                        290
1  831938 3293682902901212111                                                290
3  851938 3313682902901512111                                                290
1  881938 3313682902901212161                                                290
1  281938 3173683982251112111                                                398
2  112938 3163682903681142121 93899999993689991212342                        999
1  291938 3173983682251112111                                                368
