1 1901971 519  22009991112521                                                200
1 1961971 519  23993991122111                                                399
1 2801971 8 9  23993991112111                                                399
1 2811971 8 9  23993991222111                                                399
1 3031971 825  23993991112111                                                399
1 3171971 919  23993991322111                                                399
1 491397112 8  2999  21141111 97112 73997503991143111 97112 77507707711511533399
1 492397112 8  2999  21141111 97112 73997703991143111 97112 77707507711511533399
2 51939711212  2399  21143111 97112123997503991143111 97112127507707711511533399
2 51839711212  2399  21143111 97112123997503991143111 97112127507707711511553399
2207139711299  23993991143121 97112993999993991141113 97112 37507707711211533399
1 2221971 612  27507501122111                                                750
2 2192971 612  2750  21143122 97199997507709991699999                        750
1 2271971 618  2750  21112111                                                750
3 3043971 826  27507501141113 971 726750  27501141113 9719999  27707701721111750
2 34929711018  2750  21143122 97199997507709991699993                        750
1 388197111 4  2750  21212111                                                750
3 395197111 7  2750  21512111                                                750
2 40729711111  2750  21143121 97199997507709981611533                        750
2 43729711129  2750  21143121 97199997507707711511533                        750
3 442197112 1  27507501521111                                                750
3 449197112 3  27507501521111                                                750
3 456297112 4  2999  21141113 97111227507707711211533                        750
3 471297112 5  2750  21141113 9711299750  21721111523                        750
2 462297112 5  27503991143121 97199997507707711511533                        750
3 476197112 6  27507501422131                                                750
3 482297112 7  2999  21141113 97111227507707711211533                        750
2 50229711210  2750  21143111 97112107507707711511533                        750
3 52029711212  27503991141113 97112 47507707711211553                        750
2207329711299  27503991143121 97112997507717711212719                        750
2207229711299  27503991143121 97112997507707711511653                        750
2  982971 4 7  2770  21143121 97199997707719991112521                        770
1 1731971 5 9  2770  21213111                                                770
3 1981971 519  2770  21513111                                                770
1 1922971 519  2770  22142121 9719999  27707702222111                        770
1 2181971 610  27707701122111                                                770
2 2202971 612  2770  21143122 97199997707509991699999                        770
2 2212971 612  2770  21143121 97199997707719991112521                        770
1 2331971 621  27707701221121                                                770
1 2361971 624  27707701321121                                                770
1 2382971 628  2770  21142121 9719999  27707701722111                        770
1 2451971 711  27707701112111                                                770
1 2531971 723  2770  21112111                                                770
3 2782971 8 9  2770  21141213 971 8117707717701212173                        770
1 5871971 899  27707701221111                                                770
2 35029711018  2770  21143122 97199997707509991699993                        770
1 37529711025  2770  21141211 97199997707509991611533                        770
3 399197111 8  27707701521111                                                770
2 40829711111  2770  21143121 97199997707509981611533                        770
2 43829711129  2770  21143121 97199997707507711511533                        770
2 461297112 5  27703991143121 97199997707507711511533                        770
3 470197112 5  27707701111413                                                770
1 51219711211  2770  21112111                                                770
1 55119711218  2770  21112111                                                770
2207429711299  27703991143121 97112997707507711511653                        770
2207529711299  27703991143121 97112997507717711212719                        770
1 1411971 422  29983991112111                                                998
3 53519711215  29981721211313                                                998
1 508197112111703993991112111                                                399
1 1911971 519200  29991112521                                                  2
2 2112971 6 82003992001143122 97199993999999999999999                        399
1 2851971 8102003993991122111                                                399
1 2091971 6 82007507501122111                                                750
2 2132971 6 92007502001143122 97199997507709991699999                        750
3 3292971 9292003993991141213 97199997507709991211533                        750
1 1932971 5192007702002142121 97199992007707702222121                        770
2 2122971 6 92007702001143122 97199997707509991699999                        770
2 1772971 5112257502251142121 971 5132259989991212142                        750
2 1762971 5112257702251142121 971 5132259989991212142                        770
2 3182971 9223283993281143121 97199993997717711322111                        399
1 356197110163457507501212111                                                750
1 360397110203457503451141111 97199997507707501741113 97199997707717711712213750
3 358197110203457507501512111                                                750
32070297112993457503991141113 97112997507707711711993                        750
3 464397112 53659993991141113 97112 5  27703991143121 97199997707507711511533  2
3 463397112 53659993991141113 97112 5  27503991143121 97199997507707711511533  2
1 1091971 4123657503651112111                                                750
1 1831971 5123657507501112111                                                750
1 1842971 5133657503651142121 97199993657507501122121                        750
1 2651971 8 23657503651112111                                                750
1 2701971 8 83657507501212111                                                750
120452971 8 93657507501141211 99999997509999991612511                        750
120442971 8 93657507501142121 99999993657509991611993                        750
120352971 8 93657507501142421 97199993657509991212111                        750
120382971 8 93657503651142421 97199993659999991299991                        750
120422971 8 93657507501142121 99999993657503651611523                        750
320393971 8 93657503651142121 99999993659993651642121 99999999997503651231121750
1 2741971 8 93657509981212511                                                750
1 2721971 8 93657507501112521                                                750
220462971 8 93657507501143121 99999997503653651313131                        750
320362971 8 93657507501142421 97199993659999991299993                        750
1 2951971 8123657507501112111                                                750
1 3231971 9283657503651112111                                                750
1 330197110 13657507501112111                                                750
1 365197110233657507501212111                                                750
3 382197110273657507501512111                                                750
1 409197111113657507501321111                                                750
1 526197112123657507501212111                                                750
3 530197112133657507501512111                                                750
2  862971 4 33657703651143121 97199997707717711511533                        770
3  872971 4 33657703651141113 971 3277707717711112173                        770
1 1111971 4123657703651112111                                                770
220492971 8 93657707501143121 971 8997707717711212719                        770
2 3263971 9283657703651143121 97199997707717701142121 97199997717717711214719770
2 413297111153657703651143122 97199997707509999999999                        770
3 469297112 53659993651141113 97199997707507711711533                        770
1 2972971 8133659993651142222 97199993657507501211991                        999
1 2791971 8 9399  23991112111                                                  2
1 3021971 825399  23991112111                                                  2
1  781971 3293997503991112111                                                750
1 2602971 7313997503991142121 971 8153997507501222111                        750
2 361397110213997503991143121 97199997503997501142121 97199993999989991212142750
2 485297112 73997503991143111 97112 77507707711511533                        750
2 487297112 73997503991143111 97112 77507707711511553                        750
1 513197112113997503991112111                                                750
2 560297112213997503991143121 97199997507707711511653                        750
2 562297112213997503991143121 97199997507707711611533                        750
1  751971 3293997703991112111                                                770
2 1433971 4223997703991143121 97199997703997701142121 97199993997717711222111770
1 2041971 6 43997703991112521                                                770
1 2081971 6 73997707701112111                                                770
3 2842971 6103997703991141213 971 8117707717701212173                        770
1 2571971 7313997703991112521                                                770
1 2592971 7313997703991142121 97199993997717711222111                        770
3 2612971 8 23999993991141213 97199997707509981211533                        770
2 362397110213997703991143121 97199997703997701142121 97199993999989991212142770
2 486297112 73997703991143111 97112 77707507531511553                        770
2 484297112 73997703991143111 97112 77707507711511533                        770
1 507197112113997703991112111                                                770
2 559297112213997703991143121 97199997707717711421133                        770
2 561297112213997703991143121 97199997707507711611533                        770
1 2062971 6 43997713992142121 97199993997717712222111                        771
1 5881971 9203997717711223301                                                771
3 333297110 43997712251141113 97199997717707711714123                        771
3 417297111183997713991141113 97199997717707711714123                        771
1 1401971 4223999983991112111                                                998
1 5842971 5193999993991142121 99999999997717712223301                        999
2 2142971 6 93999993991143121 971 6999997507501222111                        999
2 2262971 6163999993991143121 97199999997717711222111                        999
2 5852971 7193999993991142121 99999993997717711212152                        999
2 2932971 8113999993991143121 97199999997717711322111                        999
2 2982971 8133999993991143121 97199999997717711322111                        999
1 3091971 9146307706301112111                                                770
1 3112971 9156307706301141111 97199997709999999999999                        770
3 468397112 57103657101141113 97199993657509991143911 97111227507707711211533365
3  973971 4 77107507101141113 97199997507707501741113 971 3277707717711211533750
3 1083971 4127107507101141113 97199997507707501741113 971 3277707717711211533750
3 420297111187107503991141113 97199997507709999799999                        750
3 460297112 47109997101141113 97112 47507707711321143                        750
3 479397112 77107507101141213 97199997507707501142121 97199997507707711232143750
3 478297112 77107507101141113 97112 57507717501212161                        750
32061297199997107503991141113 97199997507707711711533                        750
1  913971 4 47107707101141111 971 4 27707507701143121 97199997507707501641113770
1 1072971 4127107707101141111 971 3277707717711211533                        770
1 1852971 5137107707101142121 97199997107707701122121                        770
1 1861971 5157107707711122111                                                770
1 397297111 77107707101142422 97199997107707701299111                        770
1 411197111137107703991112111                                                770
1 509197112117107703991112111                                                770
22076297112997107703991141112 97112997707717711711993                        770
1 3161971 9187317707701121111                                                770
1 2281971 618750  2  21112111                                                  2
2 2353971 623750  27501143121 971 699  2999  21141119 971 621  27707701122121  2
3 2552971 726750  27501141113 9719999  27707701721121                          2
1 2902971 811750  27501141111 971 8 97503659981212511                          2
3 35129711018750  27501141113 9719999  27707701721111                          2
1 387197111 4750  2  21212111                                                  2
1 392297111 5750  2  21142121 97199997507709991611533                          2
1 391297111 5750  2  21142121 97199997507707711611553                          2
3 394197111 7750  2  21512111                                                  2
3 450297112 3750  2  21141113 97112 3  27507501521111                          2
4 472297112 5750  27501141114 9711299750  21721111523                          2
3 53629711215750  27501141113 9711215  29981721211313                          2
3 54329711216750  27501141113 9719999  29989991612142                          2
2 386297111 17502002001143122 97199992007509999999991                        200
2 1752971 5117502257501142121 97199992259989991212142                        225
1 357197110167503457501212111                                                345
3 359197110207503457501512111                                                345
1 1101971 4127503653651112111                                                365
1 1821971 5127503657501112111                                                365
1 2661971 8 27503653651112111                                                365
320342971 8 87503657501142421 97199997509999991299993                        365
1 2711971 8 87503657501212111                                                365
120432971 8 97503657501142121 99999997503659991611773                        365
220472971 8 97503657501143121 99999993657507501313131                        365
120372971 8 97503657501142421 97199997509999991299991                        365
120412971 8 97503657501142121 99999997503657501611523                        365
1 2751971 8 97503659981212511                                                365
320403971 8 97503657501142121 99999997509997501642121 99999999997503651231121365
120332971 8 97503657501142421 97199997503659991212111                        365
1 2731971 8 97503657501112521                                                365
1 2961971 8127503657501112111                                                365
1 3241971 9287503653651112111                                                365
1 331197110 17503657501112111                                                365
1 366197110237503657501212111                                                365
3 383197110277503657501512111                                                365
2 398297111 87503657501143121 97199993657507501321111                        365
1 527197112127503657501212111                                                365
3 531197112137503657501512111                                                365
1  771971 3297503993991112111                                                399
220122971 3297503993991143121 97199993997709991212999                        399
220132971 3297503993991143121 97199993997717711299991                        399
1 1012971 4 97503993991141111 971 3157507707501531121                        399
2 1442971 4237503993991143121 97199993997507501222111                        399
2 2253971 6157503993991143121 97199993997703991143121 97199997707717711512213399
320272971 7997503997501141213 97199993997507711212342                        399
320302971 7997509997501141213 97199993997507711211212                        399
2 5862971 8 27503997501142121 99999993997717711612152                        399
1 2622971 8 27503997501141211 97199993997709991212152                        399
4 335297110 57503993991141114 97199997507707701714113                        399
2 414297111167503997501142121 97199993999987501212342                        399
2 419397111187503997501143121 97199993997703991143121 97199997707717701512173399
2 418297111187503997501642121 97199993999989991212142                        399
3 490297112 87503993991642121 97199997507707711511533                        399
1 501297112107503997501142221 97199997507707711511533                        399
2 500297112107503997501143221 97199993997719991212121                        399
1 514197112117503993991112111                                                399
1 525297112127503993991142121 97199997507707711632143                        399
3 421397111187507103991141113 97111187107503991141113 97199997507709999799999710
320012971 2 17507707501141113 971 2 17707507701114113                        770
320051971 2997507707501114213                                                770
320061971 2997507707501142111 971 2997707507501632131                        770
3  381971 3157507707501142111 971 2997707507501631121                        770
3  672971 3277507707501141113 971 3277707717711211533                        770
3  723971 3287507707501141113 971 3277707507701141113 971 3277507707501112993770
3  802971 3317507707501141113 971 3277707717711711533                        770
4  892971 4 47507707501141114 97199997507717711221111                        770
4  962971 4 67507707501141114 97199997507707501211313                        770
361061971 4 77507707501211333                                                770
4 1062971 4127507707501141114 97199997507707711111513                        770
2 1222971 4157507707501143121 97199997707507501611523                        770
3 1212971 4157507707501141113 97199997707507501111523                        770
351391971 4157507707711111513                                                770
3 1252971 4167507707501141113 97199997707717711712213                        770
4 1333971 4207507707501141114 971 4197707507701141213 971 4157507707711111523770
3 1351971 4217507707501321133                                                770
3 1392971 4227507707501642111 971 4227707507501912161                        770
3 1372971 4227507707501142121 97199997507717501612161                        770
3 1382971 4227507707501142121 97199997507717501112173                        770
3 1451971 4237507707501114213                                                770
3 1551971 4267507707701412161                                                770
3 1541971 4267507707501212213                                                770
3 1572971 4277507707501141113 971 4277707507501111523                        770
4 1592971 4277507707501141114 971 4277507707711111523                        770
2 1622971 4287507707501143121 97199997707507501511523                        770
4 1692971 5 57507707501141114 971 4217507707501311313                        770
3 1802971 5127507707501141113 971 3277707717711211533                        770
3 1872971 5167507707501141113 971 3277707717711211533                        770
3 2242971 6157509997501141213 97199997707717711712213                        770
320182971 6157507707501142321 97199997507707501212213                        770
320222971 6187507707501141113 97199997707507701712213                        770
3 2302971 618750770  21141113 97199997707717711711999                        770
4 2412971 7 47507707501141114 971 7 37507707711111523                        770
3 2432971 7 57507707501141113 97199997707507501111523                        770
3 2561971 7267507707711111523                                                770
220502971 8 97507707501143121 971 8997707717711212719                        770
3 2761971 8 97507707711111523                                                770
1 2861971 8107507709991112521                                                770
1 2882971 8117507707501142211 971 8127507707501512173                        770
320313971 8997507707501141113 97199997707507701141113 97199997507707509799993770
3 3152971 9187507707501642121 97199997507709991212121                        770
3 3192971 9277507703991141113 97199997707717711712213                        770
2 3253971 9287507703651143121 97199997707717701142121 97199997717717711214719770
3 336297110 57503993991141113 97110 57707507501711523                        770
3 343297110167507707501141113 97110147707507711311313                        770
3 346297110177507707501142321 97199997507707501711313                        770
2 345297110177507707501143121 97199997707509991611533                        770
3 344397110177507707501142221 97199997507707501642121 97199997507707711511653770
3 352297110187507707501141113 97199997707507701711313                        770
3 364197110227507707501321133                                                770
3 368297110247507707501141113 97199997707507501711523                        770
3 369197110247507707501111513                                                770
3 371197110257507707711111513                                                770
2 376297110257507707501143221 97199997707507701511313                        770
3 377297110257507707501142321 97199997507707501711313                        770
3 378197110267507707711111513                                                770
3 384197111 17507707711111513                                                770
3 401197111 97507707711111513                                                770
3 404197111117507707501111513                                                770
3 415197111167507707711111513                                                770
5 424197111227507707711211535                                                770
3 429197111237507707711211553                                                770
3 430297111237507707501141113 97111227707507711211533                        770
3 433197111247507707501211313                                                770
3 435197111287507707711321143                                                770
2 440297111307507707501143121 97199997707717711511313                        770
3 441197111307507707711311553                                                770
32053197111997507707711111533                                                770
3 443197112 27507707711321143                                                770
3 452297112 37509997501141113 97112 37707507711321143                        770
35545197112 37507707531211533                                                770
35541197112 37507707711211533                                                770
3 445197112 37507707711321143                                                770
3 458197112 47507707711211433                                                770
3 455197112 47507707711311553                                                770
32060297112 47507707711142121 97112 47507707711211423                        770
32058197112 47507707501112363                                                770
32056297112 47507707501141113 97112507707507701411523                        770
3 466197112 57507707711311553                                                770
3 473197112 67507707711311553                                                770
2 481297112 77507707711143121 97199997707507711111621                        770
3 480197112 77507707711111633                                                770
3 488197112 87507707711311553                                                770
3 493197112 97507707711311553                                                770
3 499297112107507707501142121 97199997507707711111643                        770
3 498197112107507707711311553                                                770
2 51529711211750770  21143221 97199997707717701212161                        770
2 505297112117507707711143121 97199997707507711111621                        770
3 51629711211750770  21642321 97199997507707711511553                        770
3 503197112117507707711311553                                                770
2 521297112127507707501143221 97199997707719991112521                        770
1 522297112127507707501142221 97199997507707711511553                        770
3 517197112127507707711311553                                                770
2 523297112127507703991143221 97199997707717711421133                        770
1 524297112127507703991142221 97199997507707711511553                        770
3 528197112137507707711311553                                                770
2 529297112137507707711143121 97199997707507711111621                        770
3 532197112147507707711311553                                                770
3 538197112167507707711111643                                                770
3 537197112167507707711311553                                                770
1 541197112167507707711511533                                                770
1 545197112177507707531511533                                                770
2 565297112227507703991143111 97112227707509991212121                        770
3 571297112257507707501142121 97199997507707711711653                        770
32068197112997507707701211553                                                770
32067197112997507707711111633                                                770
1  682971 3277507717501141911 97199997717707719999999                        771
1  812971 3317507717501142199 97199997507717711212991                        771
1 467197112 57507717501212161                                                771
12062197112997507717501212161                                                771
2 2923971 8117509987501143121 97199993999983991143121 97199997707717701512173998
4  733971 3287509997501141114 97199997507717501142121 97199997717507501233131999
9 2012971 5227509997501142322 97199997507709999999999                        999
2 2023971 5227509997501143121 97199999997709991143121 97199997707717711512213999
2 2232971 6157509997501143122 97199999999987509999999                        999
320192971 6157509997501141213 97199997507709991212533                        999
2 2293971 618750999  21143121 97199999997709991143121 97199997707719991112521999
120161971 6997509997501212111                                                999
320282971 7997509997501141213 97199999997509991212142                        999
420482971 8 97509997501141114 971 8 97503657501112511                        999
12051197110997509999991212111                                                999
4 403297111117509997501141114 97199997507707711211533                        999
1 432297111247509997501141111 97111227507707711211533                        999
92055297111997509997501141219 97199997507707711211533                        999
3 457297112 47509997501142121 97199997507707711111643                        999
1 556297112207509997501142121 97199997507709991212121                        999
1 567297112227509997501142121 97199997507707711511653                        999
2 566297112227509993991143121 97199999997719991212161                        999
1 570297112247509997501141111 97112167507707711111643                        999
1 1741971 5 9770  2  21213111                                                  2
3 1991971 519770  2  21513111                                                  2
1 2441971 711770  27701112111                                                  2
1 2541971 723770  2  21112111                                                  2
3 3052971 830770  2  21141213 9719999  27707701529111                          2
1 51119711211770  2  21112111                                                  2
1 55019711218770  2  21112111                                                  2
3 2502971 7197702007701141113 97199992007707701522111                        200
2 1702971 5 87702257701143121 97199992259989991212142                        225
2  923971 4 47703657701143121 97199993657503651143121 97199997507707501641113365
1  932971 4 67703657701141111 971 3277707717711211533                        365
1 1121971 4127703653651112111                                                365
220142971 4997703657701143121 971 4993657709991612993                        365
3 2822971 8107703657701141113 971 8 93657509981212511                        365
3 497297112 97703657701141113 97112 93657507501721111                        365
3 574297112277709997701141113 97112993657509981211121                        365
1  761971 3297703993991112111                                                399
3 1792971 5127703993991642121 97199993997707711222111                        399
2 1882971 5177703993991143121 97199993997707711222111                        399
2 2002971 5217703997701143121 97199993997713991112173                        399
1 2031971 6 47703993991112521                                                399
1 2071971 6 77703997701112111                                                399
255862971 7207703997701142121 99999993997717711212152                        399
1 2581971 7317703993991112521                                                399
3 2993971 8157703997701141113 971 8103997703991141213 971 8117707717701212173399
2 373297110257703997701143121 97199993999989981212142                        399
1 439297111307703997701173121 97199993999987711212342                        399
1 495297112 97703997701142411 97112 97707507711511533                        399
1 494297112 97703997701142411 97112 97707507531511553                        399
2 496297112 97703997701143121 97199993999987711212152                        399
3 534397112157703993991141113 97199993999993991641113 97111227507707711211533399
1 544297112177703997701142111 97112177707507531511533                        399
3 568397112227703997701141113 97112213997703991143121 97199997707717711421133399
1 3101971 9147706306301112111                                                630
1 412191111137707103991112111                                                710
1 1892971 5177707107701141111 971 5157107707711122111                        710
1 510197112117707103991112111                                                710
320001971 1307707507701114123                                                750
320031971 2997707507701212373                                                750
120072971 2997707507701141211 471 2997707507701223241                        750
3  693971 3277707507701141113 971 3277507707501141113 971 3277707717711211533750
3  793971 3307707507701141113 971 3277507707501141113 971 3277707717711211533750
2  843971 4 27707507701143121 97199997507707501641113 97199997709999999999999750
3  852971 4 37707507701141113 97199997507701721111523                        750
3  882971 4 47707507701141113 97199997507717711221111                        750
3  952971 4 67707507701141113 97199997507707501211313                        750
360951971 4 77707507701211333                                                750
3  992971 4 87707503991141113 97199997507707711214113                        750
3 1052971 4117707507701141113 97199997507707711111513                        750
320152971 4157707507701141113 971 1307507707701111993                        750
352052971 4157707507711111513                                                750
4 1242971 4167707507701141114 971 4157707507501111523                        750
3 1273971 4177707507701141113 97199997507707501741113 971 3277707717711211533750
3 1302971 4197707507701141113 971 4157507707711111523                        750
2 1312971 4207707507701143121 97199997507717501112173                        750
1 1321971 4207707507501912161                                                750
3 1362971 4217707507701141113 97189997507707711111523                        750
3 1482971 4237707507701141113 97199997507717501612173                        750
3 1462971 4237707507701142111 971 4267707507501412161                        750
2 1472971 4237707507701143121 97199997507707701412161                        750
3 1561971 4267707507501412161                                                750
1 1612971 4277707507701142221 97199997707507701512173                        750
3 1582971 4277707507701141113 971 4277507707711111523                        750
2 1602971 4277707507701143221 97199997507707501512173                        750
4 1632971 4297707507701141114 971 4277707507501111523                        750
3 1642971 5 27707507701141113 971 5 27507707711111443                        750
3 1652971 5 37707507701141113 971 4297507707711111523                        750
2 1672971 5 37707507701143121 97199997507707501512173                        750
4 1662971 5 37707507701141114 97199997707507701212173                        750
3 1682971 5 57707507701141113 971 4217507707501311313                        750
3 1781971 5117707507501111523                                                750
3 1812971 5127707507701141113 97199997507719999999999                        750
220242971 6187707507701143121 97199997507707711514113                        750
320212971 6187707507701142221 97199997707507701211993                        750
220202971 6187707507701143121 971 6997507707501699993                        750
320232971 6187707507701141113 97199997507707711714113                        750
3 2312971 6197707507701141113 97199997507707711111523                        750
3 2402971 7 47707507701141113 971 7 37507707711111523                        750
2 2512971 7197707507701143122 97199997507707501611999                        750
3 2522971 7197707507701142221 97199997707509991211533                        750
320262971 7247707507701142221 97199997707507501212533                        750
220272971 7247707507701143121 97199997507707711611553                        750
320322971 8 57707507701141113 97199997507707711714113                        750
3 2832971 8107707507701141113 971 8 97503659981212511                        750
1 2871971 8107707509991112521                                                750
1 2892971 8117707507701142211 971 8127707507701512173                        750
2 3122971 9167707507701143121 97199997507707711511523                        750
3 3141971 9167707507501114123                                                750
3 3132971 9167707507701142222 97199997707507501299993                        750
3 3212971 9277707503991141113 97199997507707711714113                        750
3 3203971 9277707503991141113 971 9277507703991141113 97199997707717711712213750
3 3273971 9297703993991141113 971 9187507707501642121 97199997507709991212121750
2 3282971 9297707503991143121 97199997507709991212121                        750
3 334297110 57703993991141113 97199997507707701714113                        750
3 339297110127707507701141113 97199997507707501311313                        750
3 342197110147707507711211313                                                750
2 348297110177707507701143221 97199997507707501511313                        750
1 347297110177707507701142221 97199997707507701511313                        750
2 355297110197707507701143121 97199997507707701511443                        750
3 354297110197707507701142222 97199997707509999999993                        750
3 363197110217707507701311333                                                750
3 367297110247707507701141113 97199997507707711711523                        750
3 370197110247707507501111513                                                750
3 372197110257707507711111513                                                750
3 379197110267707507711111513                                                750
3 381297110277707507701171113 97199997507707711711523                        750
3 385197111 17707507711111513                                                750
3 390297111 47707507701141113 97199997507707711711523                        750
3 393197111 6770750  21114213                                                750
3 402197111 97707507711111513                                                750
3 405197111117707507501111513                                                750
3 410297111127709993991141113 97199997507709981711513                        750
3 416197111167707507711111513                                                750
3 423197111207707507501111523                                                750
2 422297111207707507701143121 97199997507709991112321                        750
3 425197111227707507711211533                                                750
3 428297111227707507701141113 97111227507707711211533                        750
3 431197111247707507701321133                                                750
3 436197111297707507711321143                                                750
32054197111997707507711111533                                                750
3 444197112 27707507701321133                                                750
3 446197112 37707507711321143                                                750
35446197112 37707507531211533                                                750
3 447297112 3770999  21141113 97112 37507707711321143                        750
3 451297112 37709997701141113 97199997507707701321143                        750
32059197112 47707507701112363                                                750
3 459297112 47709997701141113 97112 37507707711321143                        750
5 589197112 47707507701112365                                                750
32057297112 47707507701141113 97112507507707701114523                        750
3 453197112 47707507531211553                                                750
3 465197112 57707507531311553                                                750
3 475297112 67707507701141113 97112 57507717501212161                        750
3 474197112 67707507701512161                                                750
3 483197112 77707507531311553                                                750
3 506297112117707507711642121 97199997707507711111621                        750
3 504297112117709997701141113 97199997507707711711553                        750
1 540197112167707507711511533                                                750
1 539197112167707507711111621                                                750
1 546197112177707507531511533                                                750
3 553297112207707507701141113 97112167507707711211653                        750
2 555297112207707507701143121 97199997507707711511653                        750
3 577297112307707507701141113 97199997507707711711653                        750
32069197112997707507501211553                                                750
2 5802972 1 47707507701143121 97299997507709991212121                        750
320082971 2997707717701142111 971 3 37707717701612111                        771
120092971 3 17707717701142111 971 3257707717701212111                        771
3   12971 3 17707717701642121 971 3 37707717701212111                        771
3   61971 3 27707717711312213                                                771
3   51971 3 27707717711212213                                                771
2   82971 3 37707717701143111 971 3107707717701112111                        771
3  141971 3 47707717711321133                                                771
1  161971 3 57707717711512213                                                771
1  221971 3 67707717701421133                                                771
3  192971 3 67707717701642121 97199997707717711132151                        771
1  182971 3 67707717701142111 971 3257707717701212111                        771
2  292971 3107707717701143111 971 3107717707701212121                        771
1  391971 3167707717711112121                                                771
2  422971 3177707717711142121 971 3997707707701212342                        771
3  441971 3187707717711321133                                                771
1  471971 3217707717711312161                                                771
3  492971 3227707717701642121 971 3257707717701212111                        771
3  553971 3257707717701141113 971 3997717707711143121 971 3997707717711523171771
320101971 3257707717711211533                                                771
3  521971 3267707717711512121                                                771
3  581971 3267707717711212213                                                771
320112971 3267707717701141113 971 3267717707711212719                        771
3  661971 3277707717711321143                                                771
3  611971 3277707717711112173                                                771
3  641971 3277707717711212213                                                771
3  631971 3277707717711211533                                                771
3  741971 3287707717711111633                                                771
3  711971 3287707717701321143                                                771
3  831971 4 17707717711321143                                                771
3  821971 4 17707717711111633                                                771
1  942971 4 67707717701142121 97199997707719991212121                        771
3 1001971 4 97707717711111633                                                771
3 1021971 4107707717711312213                                                771
2 1042971 4117707717701143121 97199997717707711514133                        771
2 1032971 4117707717701143122 97199997717707719999999                        771
3 1131971 4127707717711111633                                                771
3 1151971 4137707717711111633                                                771
3 1161971 4147707717711111633                                                771
3 1261971 4177707717711111633                                                771
3 1341971 4207707717711111633                                                771
1 1711971 5 97707717711511533                                                771
1 2052971 6 47707717702142121 97199997707717712222111                        771
1 2162971 6107707717701142221 97199997707717711612213                        771
2 2172971 6107707717701143221 97199997717717711214719                        771
1 2151971 6107707717711512213                                                771
3 2341971 6237707717711112213                                                771
3 2631971 8 27707717711111513                                                771
3 2672971 8 57707717701141113 971 3 17717707711714123                        771
3 2772971 8 97707717701142111 971 8117707717701212173                        771
3 2911971 8117707717701212173                                                771
3 3001971 8167707717711112213                                                771
1 3061971 9 17707717711312161                                                771
1 3071971 9 57707717711512213                                                771
1 332197110 27707717701512173                                                771
1 337197110 97707717711512213                                                771
3 340197110127707717701112173                                                771
1 338297110127707717701142111 97112277707717701212111                        771
3 400297111 97707717701142121 97199997707717711212213                        771
3 427197111227707717711211533                                                771
3 434197111267707717701112213                                                771
1 549297112177707713991143121 97199997717709991212121                        771
2 55229711218770771  21143121 97199997717709991112521                        771
1 557297112217707717701142121 97199997707717701412173                        771
1 558197112217707717701412213                                                771
1 563197112227707717701412173                                                771
1 573197112277707717701212121                                                771
1 5792972 1 37707717701142121 97299997707717701712121                        771
1 5782972 1 37707717701142121 97299997707717711512173                        771
3 5821972 1 87707717701512121                                                771
1 5831972 1 87707717701512173                                                771
3  701971 3277709987701312213                                                998
3 1531971 4257709987701422151                                                998
1 1973971 519770998  21142221 97199997707717701143121 97199997717709991112521998
3 2392971 6287709987701642121 97199997707719991112521                        998
320022971 2997709997701141113 971 2 17707507701114123                        999
3  511971 3257709997711212213                                                999
1 1173971 4147709997701142121 97199997707717701143121 97199997717709991112521999
1 2321971 6207709997711512213                                                999
120253971 6287709997701141111 97199999997709991141111 97199997707717711799993999
2 3222971 9287709997701141112 97199997707717701712173                        999
3 448297112 3770999  21642121 97199997707719991212121                        999
1 454297112 47709997701141111 97112 47707507531211553                        999
3 533297112147709997701142121 97199997707507711711533                        999
3 542297112167709997701142121 97199997707507531711533                        999
1 554297112207709997701142121 97199997707719991112521                        999
2 1513971 423771  27711143121 9719999  2770  21143121 97199997707717711511533  2
2 1492971 423771  27711143121 9719999  2771  21212161                          2
2 54729711217771  27711143121 9719999  27717711222111                          2
2 54829711217771  2  21143121 9719999  2771  21212161                          2
1 57529711228771  27711141211 9719999  2771  21212161                          2
1 3082971 9107713997711142111 971 9217713993991212161                        399
2 1502971 4237717107711143121 97199997107717101212161                        710
2 1523971 4237717107711143121 97199997107707101143121 97199997707717711511533710
1 477197112 67717507711114251                                                750
1 489197112 87717507711114251                                                750
12063197112997717507501212161                                                750
320042971 2997717707701141113 971 2997707707701912719                        770
3   33971 3 17717707711141113 971 3 17707717701642121 971 3 37707717701212111770
3   21971 3 17717707711114223                                                770
3   71971 3 27717707711114223                                                770
3   41971 3 27717707711214213                                                770
3  111971 3 37717707711114223                                                770
3  102971 3 37717707711142121 971 3 37717707711714213                        770
3   93971 3 37717707711141113 971 3 37707717701143111 971 3107707717701112111770
1  121971 3 47717707711414213                                                770
3  152971 3 47717707711141113 971 3 47707717711321323                        770
2  132971 3 47717707711143121 97199997707717711132151                        770
3  171971 3 57717707711114223                                                770
3  211971 3 67717707711114223                                                770
3  202971 3 67717707711141113 971 3 47707717701321133                        770
3  231971 3 67717707711114213                                                770
1  241971 3 67717707711514213                                                770
2  252971 3 77717707711143221 97199997707717711512213                        770
3  271971 3 77717707711214213                                                770
1  262971 3 77717707711142211 971 3257717707701212111                        770
3  281971 3 87717707711112173                                                770
3  371971 3157717707711114213                                                770
1  352971 3157717707711142211 971 3257717707701212111                        770
1  332971 3157717707711142211 971 3257717707701212111                        770
2  362971 3157717707711143221 971 3997707707701212719                        770
2  322971 3157717707711143221 971 3997707717711512213                        770
3  301971 3157717707711132163                                                770
2  342971 3157717707711143221 971 3997707717711421133                        770
1  312971 3157717707711142211 971 3257717707701212111                        770
1  401971 3167717707711112121                                                770
3  411971 3167717707711114213                                                770
3  433971 3187717707711141113 971 3177707717711142121 971 3997707707701212719770
1  452971 3197717707711141111 971 3197717707711712121                        770
1  462971 3207717707711141111 971 3207717707711712121                        770
3  481971 3217717707711114213                                                770
1  502971 3227717707711141111 971 3227717707711712121                        770
2  542971 3257717707711143121 971 3257707717711511999                        770
3  562971 3257717707711142111 971 3277717707711214213                        770
3  571971 3257717707711114223                                                770
3  591971 3267717707711114223                                                770
3  531971 3267717707711512121                                                770
3  651971 3277717707711114143                                                770
3  621971 3277717707711214133                                                770
9  601971 3277717707711232999                                                770
3  901971 4 47717707711111633                                                770
3 1142971 4137717707711142121 97199997717707711532161                        770
3 1282971 4177717707711142111 971 4177717707711533161                        770
1 1721971 5 97717707711514133                                                770
3 2421971 7 57717707711114123                                                770
3 2491971 7197717707711114123                                                770
3 2641971 8 27717707711111513                                                770
3 2941971 8117717707711114123                                                770
3 3011971 8227717707711114123                                                770
3 341197110147717707711114143                                                770
3 389197111 47717707711114123                                                770
3 396197111 77717707711114123                                                770
3 406197111117717707711114123                                                770
3 426197111227717707711214133                                                770
2 569297112237717707711143121 97199997707717701512173                        770
1 572197112277717707701212121                                                770
2 576297112287717707711143121 97199997707717711512173                        770
3 5811972 1 87717707701512121                                                770
2 1202971 4147719987711143121 971 4149987707701521111                        998
2 1182971 4147719997711143121 97199999997719991212161                        999
2 1192971 4147719997711143121 97199999997717711229111                        999
2 1292971 4177719997711143121 97199999997719991212161                        999
1 564397112227719997711142121 97199997717707711143121 97199997707717701512173999
1 2101971 6 89987507501122111                                                750
2 2692971 8 79987509981143121 97199997507709981611533                        750
1 380297110269987509981142121 97199999987507501222111                        750
1 1942971 5199987709991142221 971 6999987707701222121                        770
2 1952971 5199987709991143221 971 6997707719991112521                        770
2 2482971 7129987709981143221 97199997707719991112521                        770
2 2682971 8 79987709981143121 97199997707509981611533                        770
1 1421971 4229989983991112111                                                998
2 2372971 6249989989981143421 97199999987707701522111                        998
2 2462971 7129989999981143121 97199999997717711222111                        999
3 2472971 7129987709981142321 97199999997707701622111                        999
120171971 6999997509991212111                                                750
12052197110999997509991212111                                                750
