2  93385212 32009999992141112 85210992209992201142122 99999992209999991611593220
2  83285212 42002202201143321 99999992209992201712719                        220
3  82285212 42002202201142221 99999992002209991512511                        220
1  85185212 62002202001212161                                                220
3 1302853 1252002202201141113 852 7992206406401211313                        220
3 1312853 1992002209991642121 99999992002209991112511                        220
2 1772853 3252002202201143121 99999992203651921611313                        220
4 1792853 3252002202001141114 99999992003659991112991                        220
2 1763853 3252002202201143121 99999992202009991141212 99999992203651921211313220
1 2821853 4182002206402112521                                                220
2 3673853 7 42002202201143121 99999992209999991142121 99999999640365999121212220
2 3633853 7 42002202201143121 99999992209999991142121 99999993656409991212121220
3 3663853 7 42002202201141113 853 7502202002221642121 99999996403659991212121220
3 3653853 7 42002202201141113 853 7502202002201642121 99999993656409991212121220
3 495385310 42002202001642121 99999992009999991141111 853 9803653053051112521220
3 503385310 42002202001642121 99999992006406402143121 99999996403656401112521220
1 684185311252002209991112521                                                220
3 754285312182002209991142121 99999992003651871211313                        220
3 755285312182002209991142121 99999992003651871211433                        220
1 9651854 3122002206401112511                                                220
210372854 3182002202001143221 99999992206406401321141                        220
210352854 3182002202001143221 99999992203651881311313                        220
110382854 3182002202001142221 99999992006406401321141                        220
310362854 3182002202001142221 99999992003651881311313                        220
310343854 3182002202001142121 99999992002589991643121 99999992582009991112511220
1  102852 4992002589991142421 99999992002209991212161                        258
2 592385310252002583051143111 85310802589999991142121 99999993656402001212121258
2 591385310252002583051143111 85310802589999991142121 99999996403652001212121258
2 688285311252002589992143121 99999992582009991112521                        258
3 277285399992002589991642121 99999992006409991112521                        258
2 8422854 1252002582581143121 99999992582209991112511                        258
2 8412854 1252002582581143121 99999992582009991112511                        258
3 9332854 2252002589991142121 99999992003651881211313                        258
1   92852 4992003059991142421 99999992002209991212161                        305
3  79285299992003052001141113 99999993052003051112213                        305
3 2073853 2182003052001141113 853 1803056406401143221 99999996403056401132111305
3 3133853 6252003052001141113 85306993052003051642121 99999999979972001112121305
2 3033853 6992003053051143121 99999993059999991142121 99999999979972001112121305
2 589385310252003053051143111 85310803059999991142121 99999993656402001212121305
2 590385310252003053051143111 85310803059999991142121 99999996403652001212121305
3 655385311182003053051141113 85311703056406401141112 85310803653053051142421305
2 689285311252003059992143121 99999993052009991112521                        305
2 8392854 1252003053051143121 99999993052009991112511                        305
2 8402854 1252003053051143121 99999993052209991112511                        305
2 9203854 2182003053051143121 99999993052003051142121 99999993056403461611653305
2 9193854 2182003053051143121 99999993052003051142121 99999993056403451611653305
3 9612854 3 42003052202142221 99999992003653092111523                        305
2 9582854 3 42003052202143221 99999993052009991112511                        305
2 9592854 3 42003052202143221 99999993052209991112511                        305
3 9632854 3 42003052202142321 99999992003658092111523                        305
2 9822854 3112003053051143121 99999903052003051211131                        305
3 9992854 3992003059992142221 99999992006403501112243                        305
2 9913854 3992003059992143221 99999993059999991642121 99999999996406401132143305
3 9982854 3992003059992142221 99999993056403461112243                        305
2 9842854 3992003059992143221 99999993052209991112511                        305
3 9972854 3992003059992142221 99999993056403481112243                        305
2 9832854 3992003059992143221 99999993052009991112511                        305
3 9962854 3992003059992142221 99999993056403451112243                        305
2 9895854 3992003059992143221 99999993052009991112521                        305
1 9882954 3992003059992142221 99999993053659991612363                        305
1  112852 4992003659991142421 99999992002209991212161                        365
1 2911853 1 92003653651212111                                                365
110932853 1142003653651142122 99999992003659991912991                        365
2 2902853 2212003653651143122 99999993656409991699993                        365
2 1432853 2212003653651143121 99999993656409991112121                        365
2 1413853 2212003653651143421 99999993652209991141112 99999993652003651112521365
1 1422853 2212003653651642121 99999992006406401211653                        365
2 1503853 2212003653651143121 99999993659999991642121 99999999996406401132143365
2 1403853 2212003653651143421 99999993653059991141112 99999993652003651112521365
1 1533853 2992002209991141111 99999993656406401143121 99999996403657081132611365
3 1892853 4 42003656401141113 853 3993656403651221133                        365
3 2931853 4 42003653651512111                                                365
4 1982853 4182003653651141114 99999992002209999612993                        365
3 1992853 4182003653651141113 99999993652003651712111                        365
1 2801853 4182003656402112521                                                365
3 2032853 4992003653651142121 99999992003653651512111                        365
3 2213853 5 52003656401141113 853 4193656406401143121 99999996403656401132611365
1 2191853 5 52003656401112111                                                365
2 2272853 5 82003656401143121 99999993656409991112521                        365
3 2602853 5272003653651141113 853 5993652006401112533                        365
1 2581853 5272003653651112111                                                365
3 2661853 6132003651921211313                                                365
3 3091853 6132003651922311313                                                365
2 3422853 7992003653651143121 99999993656409991212121                        365
2 3733853 7992003653651143121 99999993656409991142121 99999996403659991212121365
3 3392853 7992003652001142221 99999992003651921311313                        365
2 3402853 7992003652001143321 99999993656406401611523                        365
1 4222853 9 42009996401141211 99999993656409991611533                        365
3 518385310 52003652001141113 853 8993659993651141123 853 7289979973051112521365
3 516385310 52003652001642121 99999992006406401143121 99999996409979991112521365
3 514385310 52003652001141113 853 9803659993051142121 99999993656409991611533365
3 517285310 52003652001142121 99999992009979991112533                        365
3 515385310 52003652001141113 853 9803659993051142121 99999993659979991612533365
2 529285310182003653651143322 99999993656406401611993                        365
3 528285310182003653651142221 99999992003651871211533                        365
3 575185310222003651921311313                                                365
2 521285310992003653652142221 99999992003659992212142                        365
2 520285310992003653652143221 99999993653093091211521                        365
2 560385310992003653652143121 99999993659999991142121 99999999973656401212152365
2 522285310992003653652142221 99999992006409992212142                        365
2 614285311 42003652001143321 99999993656401871511993                        365
3 613285311 42003652001142221 99999992003651871211533                        365
3 692385311252003652001141113 853 4193656406401143121 99999996403656401132611365
3 693285311252003652001141113 853 7 23656403091211653                        365
3 724185312 42003651922311313                                                365
1 769285312252006406402141211 99999993656403091111521                        365
3 7891854 1 32003651872211313                                                365
210582854 1122003653652141112 854 1 32003651872211313                        365
4 8292854 1232003652001141114 854 1 32006401871211212                        365
9 8303854 1252003653652642122 99999992003659991141119 854 1 32003651872211313365
310911854 2 42003653651412161                                                365
2 9442854 2272003652002143311 854 4303656403091111521                        365
3 9452854 2272003652002142321 99999992003652001112363                        365
3 9641854 3112003651881111313                                                365
310511854 3282003652001112363                                                365
210522854 3312003653652143111 854 4303656403091111521                        365
310802854 3992003653051642121 99999992003651921411313                        365
310792854 3992003653051642121 99999992003651871511313                        365
2 9322854 2252003909991143121 99999993902203901131121                        390
2 9312854 2252003909991143121 99999993902003901131121                        390
2 1592853 2232006406402143121 99999996409996401642719                        640
2 1703853 3 42006406401143121 99999996402006401142121 99999992003651921211313640
2 1963853 4 42006406401143121 99999996403656401143221 99999993659979991212121640
1 2862853 4182003656402142121 99999996403657071132611                        640
1 2872853 4182002206402142121 99999996402207071132611                        640
9 2832853 4182006406402142121 99999996409996401112719                        640
3 2242853 5 82006406401142121 99999992003651741711333                        640
3 2403853 5112006406402642121 99999992006406401143111 853 5146403656401132611640
3 3382853 7992003653651141213 99999996403656401112363                        640
2 3412853 7992006406401143121 99999996403656401612363                        640
2 3862853 8122006406401143121 99999996409976401112521                        640
3 4212853 9 42006402001142421 99999992006406401211363                        640
2 4172853 9182006406401643421 99999996403659991211533                        640
2 4153853 9182006406401143121 99999996409999991141214 99999999973656401212152640
3 4463853 9252006406402642121 99999992006406401143121 99999996409976401112521640
1 4961853 9252006401921411313                                                640
1 4742853 9992006402001642121 99999996403659991211533                        640
2 571285310202006406402143321 99999996403659991112521                        640
1 564285310202006406402142421 99999992006409992112511                        640
2 573285310202006406402143111 85310206403659991611533                        640
2 562385310202006406402141112 85310992003653652143121 99999999973656401212152640
1 569385310202006406402142321 99999992009999991641113 99999996403659991321133640
3 616285311 42006406402142421 99999992003659991211533                        640
2 621285311 72006406402143121 99999996402009991112521                        640
2 671285311242006406401143121 85311246403659991511533                        640
1 675285311252006406401142122 99999992006409991221141                        640
1 673185311252006406401112111                                                640
2 676285311252006406401143121 99999996403659991112521                        640
3 728285312112006406402142111 85312992003651871211313                        640
2 761385312252006406402143121 99999996402006401642421 99999996403659991212121640
2 763385312252006406402143121 99999996402006401642121 99999996403659991112533640
1 7982854 1 42006406401111131                                                640
2 7992854 1 42006406401143121 99999996402206401111131                        640
210823854 1992006406401143121 99999996402209991142121 99999992202009991112121640
210813854 1992006406401143121 99999996402009991142121 99999992002209991112121640
210842854 1992006406401143121 99999996402209991112521                        640
210832854 1992006406401143121 99999996402009991112521                        640
1 9712854 3122006406402142121 99999992006406402221141                        640
310862854 3122006406402142421 99999992006406402521141                        640
1 9671854 3122006406402112511                                                640
3 9752854 3122006406402142421 99999992006406402111413                        640
2 4163853 9182006406401141112 99999999976409991142222 99999999976409992512991997
2 502385310 42002202001642121 99999999976406401141112 853 9233659973051112991997
3 532285310 82009973051642121 99999992003059991112521                        997
3 533285310 82009973051642121 99999992003659991112521                        997
2 588385310252009973051143121 99999999979999991142121 99999996403652001212121997
2 587385310252009973051143121 99999999979999991142121 99999993656402001212121997
2 647385311112009973051143121 99999999979999991142121 99999993653093091211521997
2 645385311112009973051143121 99999999979999991143121 99999996403659991112533997
2 648385311112009973051143121 99999999979999991142121 99999996403093091211521997
2 646385311112009973051143121 99999999979999991142121 99999996409976401132611997
2 643385311112009973051143121 99999999979999991142121 99999996403652001212121997
2 644385311112009973051143121 99999999979999991142121 99999993656409991112533997
2 710385311182009973051143221 99999999973653651143121 99999993656409991112521997
2 663385311182009973051142221 99999999976406401143122 99999996409976401192991997
1  97285212 32009999992142121 99999992009999991632143                        999
1 1742853 3182009992001642121 99999992003651921211313                        999
2 4583853 9182009992001143121 99999999976409991143221 99999996409979991112521999
2 4593853 9182009992001143121 99999999976409991142221 99999999973659991212152999
3 4481853 9252009991922311313                                                999
3 534285310 82009992001142121 99999992003651921311313                        999
11071285310992003653652642121 99999999996406401132143                        999
1 527285310992003653651642121 99999999996406401112243                        999
3 686285311252009999992142421 99999992003659991211533                        999
1 766285312252006406402642121 99999999996406401132143                        999
3 8932854 2 42009992001142121 99999992003652001321133                        999
2 9772854 3122009996402143121 98999999992009991112511                        999
310232854 3182009992201142121 99999992003656401211313                        999
310412854 3252009992001142421 99999992009999991111423                        999
9  84285212992202002201142121 99999992209992201712719                        200
3 1752853 3252202002001142121 85399992003651921211313                        200
1 2811853 4182202006402112521                                                200
1 2982853 6 42202002001141111 853 6 22003651921211313                        200
1 4612853 9182202009991141121 99999992006402001112999                        200
1 4602853 9182202009991142121 99999992009992001143121 99999999976409991143221200
2 493385310 42202002001143221 99999992009999991141111 853 9803653053051112521200
1 494285310 42202002001142221 99999992203659991112521                        200
2 501385310 42202002001143121 99999992006406402143121 99999996403656401112521200
3 519285310 62202002001142121 99999992209979991112533                        200
1 685185311252202009991112521                                                200
3 759285312182202002201142221 99999992203651872211313                        200
2 758285312182202002201143221 99999992003651872211313                        200
1 9661854 3122202006402112511                                                200
310392854 3182202002201142121 99999992203651881311313                        200
110402854 3182202002201142121 99999992206406401321141                        200
3 1732853 3222202112111142421 99999992202112111211533                        211
2  472852 5992202582581143121 99999992582209991212161                        258
1  352852 5992202582581142121 99999992209999991632143                        258
1  412852 5992202582581142122 99999992209999991611593                        258
2  292852 5992202582581141212 99999992209992201112719                        258
9  382852 5992202582581142121 99999992209992201112719                        258
1  442852 5992202582581142121 99999992209999991612533                        258
2  323852 5992202582581143122 99999992582209991141219 99999992209992201112719258
2 683385311252202583051143221 99999992589993051642121 99999999996406401132143258
2 681385311252202583051143221 99999992589993051142122 99999992586409991712991258
2 690285311252202589992143121 99999992582209991112521                        258
210122854 3992202582201642121 99999992582209991212142                        258
210132854 3992202582201642121 99999992583659991212142                        258
2  313852 5992203053051143122 99999993052209991141219 99999992209992201112719305
1  402852 5992203053051142122 99999992209999991611593                        305
1  432852 5992203053051142121 99999992209999991612533                        305
2  462852 5992203053051143121 99999993052209991212161                        305
1  342852 5992203053051142121 99999992209999991632143                        305
9  372852 5992203053051142121 99999992209992201112719                        305
2  282852 5992203053051141212 99999992209992201112719                        305
3 4682853 9212203052201141213 99999993059973051512121                        305
2 4672853 9212203053052642121 99999993059993051112362                        305
2 568385310202206406401141112 99999993052209991142421 99999993053659991512511305
2 638285311112203052201143321 99999993053659991612511                        305
2 642285311112203052201143321 99999993056406401611653                        305
3 636285311112203052201142221 99999992203053052112243                        305
3 641285311112203052201142221 99999992203053051132143                        305
3 640285311112203052201142421 99999992203653052211533                        305
3 635285311112203052201142221 99999992203053051111523                        305
3 656385311182202002201141113 85311703056406401141112 85310803653053051112993305
2 691285311252203059992143121 99999993052209991112521                        305
2 682385311252203053051143221 99999993059993051642121 99999999996406401132143305
2 680385311252203053051143221 99999993059993051142122 99999993056409991712991305
3 627285311992203059991142221 99999992203052201112363                        305
2 628285311992203059991143321 99999993053653051612373                        305
4 738385312112203053051141114 85311602203052201142221 99999992203053051111523305
3 773285312252203052201142121 99999992203651872211433                        305
3 772285312252203052201142121 99999992203651872211313                        305
1 132185399992203053051312161                                                305
3 7952854 1 42203052201142221 99999992203053051112243                        305
3 7962854 1 42203052201142221 99999992203053251112243                        305
2 7972854 1 42203052201143321 99999993059973051612533                        305
2 8162854 1172203052201143121 99999993052209992112511                        305
2 8172854 1172203052201143121 99999993052009992112511                        305
2 9243854 2202203053051143121 99999993059999991142121 99999999979973651112521305
2 9253854 2202203053051143121 99999993059999991142421 99999999979999991211533305
3 9152854 2992203059991142321 99999992203052201211313                        305
2 9142854 2992203059991143321 99999993052209991112511                        305
3 9162854 2992203059991142321 99999992203053251211443                        305
3 9602854 3 42203052202142221 99999992203653092111523                        305
3 9622854 3 42203052202142321 99999992203658092111523                        305
2 9572854 3 42203052202143221 99999993052209991112511                        305
2 9562854 3 42203052202143221 99999993052009991112511                        305
110442854 3252203053051142222 99999992203053051999991                        305
210452854 3252203053051143221 99999993052209991112511                        305
210462854 3252203053051143221 99999993052009991112511                        305
110432854 3252203053051142222 99999992203253251999991                        305
2 9923854 3992203059992143221 99999993059999991642121 99999999996406401132143305
2 9862854 3992203059992143221 99999993052009991112511                        305
3 9952854 3992203059992142221 99999993056403461112243                        305
2 9852854 3992203059992143221 99999993052209991112511                        305
3 9942854 3992203059992142221 99999993056403481112243                        305
2 9902854 3992203059992143221 99999993052209991112521                        305
1 9872854 3992203059992142221 99999993053659991612363                        305
310002854 3992203059992142221 99999992206403501112243                        305
3 9932854 3992203059992142221 99999993056403451112243                        305
1   12852 1992203652201642121 99999992203659991412161                        365
2  333852 5992203653651143122 99999993652209991141219 99999992209992201112719365
1  422852 5992203652581142122 99999992209999991611593                        365
2  482852 5992203652581143121 99999993652209991212161                        365
9  392852 5992203652581142121 99999992209992201112719                        365
2  302852 5992203653651141212 99999992209992201112719                        365
1  452852 5992203652581142121 99999992209999991612533                        365
1  362852 5992203652581142121 99999992209999991632143                        365
3  673852 9992203652201141113 852 9993652202201143121 99999992209992201612719365
91064285210992203652581142221 99999992209992201612719                        365
11065285210992203652581141211 99999992203659991112521                        365
1 270285210992203652581141211 99999993652209991112511                        365
2  75285210992203652581143121 99999993652203651112111                        365
2  72285210992203652581143221 99999993652209991112511                        365
1  73285210992203652581141211 99999993652209991112521                        365
1 1232853 1992203652201142221 99999992203652201212161                        365
1 1291853 1992203652201212161                                                365
2 1242853 1992203652201143221 99999993652209991212161                        365
3 1801853 3252203651921211313                                                365
1 2061853 4182203656402112521                                                365
3 3101853 6132203651922311313                                                365
1 3062853 6992203653651142121 99999992203659991212121                        365
3 3642853 7 42202002201642121 99999993656409991212121                        365
2 3463853 7992203653051143121 99999993656409991142121 99999999365640999199993365
2 3453853 7992203653051143121 99999993656409991142121 99999996403656401112521365
1 492285310 42202002001141111 853 9803653053051112521                        365
2 549285310122203652201143321 99999993656409991112521                        365
3 546385310182209992201141113 85310603659993651142121 99999993656409991211533365
2 593385310252203652551143122 99999993652209991141219 99999992203659991112511365
1 596285310252203652551142221 99999992203659991112511                        365
2 597385310252203652551143221 99999993652209991142121 99999992203253251132143365
2 561385310992203653652143121 99999993659999991142121 99999999973656401212152365
2 525285310992203653652142221 99999992206409992212142                        365
2 524285310992203653652142221 99999992203659992212142                        365
2 523285310992203653652143221 99999993653093091211521                        365
1 639285311112203052201141211 99999993653093091211521                        365
3 662285311182202002201642121 99999993656403091511533                        365
3 725185312 42203651922311313                                                365
3 778285312252203652201642121 99999992203659991112511                        365
1 770285312252206406402141211 99999993656403091111521                        365
2 782385312252203052201141112 85312803652202201143121 99999992203659991112511365
1 777285312252203652201142121 99999992202009991712511                        365
2 781385312252203052201141112 85312803652202201143121 99999992202009991612511365
3 7901854 1 32203651872211313                                                365
210592854 1122203653652141112 854 1 32203651872211313                        365
9 8313854 1252203653652642122 99999992203659991141119 854 1 32203651872211313365
1 8532854 1292203653651142221 99999992203651871511313                        365
310921854 2 42203653651412161                                                365
2 8492854 2112203652201143221 99999993656409991112521                        365
2 8522854 2112203652201143221 99999993656403091211521                        365
2 9462854 2272203652202143311 854 4153656403091111521                        365
3 9472854 2272203652202142321 99999992203652201112363                        365
310221854 3202203656401211313                                                365
310502854 3272203652201142111 854 5 92203652201111423                        365
310491854 3272203652201112363                                                365
210532854 3312203653652143111 854 4303656403091111521                        365
3 9811854 3992203651881211313                                                365
2 9292854 2992203909991143121 99999993902203901131121                        390
2 9302854 2992203909991143121 99999993902003901131121                        390
3 1071852 7992206406401211313                                                640
2  70285210152206406401143121 99999996402209991123231                        640
2  68285299992206406401143121 99999996402207081132611                        640
1 1081853 1992206406401511313                                                640
2 1602853 2232206406402143121 99999996409996401612719                        640
2 1713853 3 42206406401143121 99999996402206401142121 99999992203651921211313640
1 2882853 4182203656402142121 99999996403657071132611                        640
9 2842853 4182206406402142121 99999996409996401112719                        640
1 2252853 5 82209996401141111 853 5 56403657071132611                        640
1 2262853 5 82209996401141111 853 5 56403657081132611                        640
3 3682853 7 42202002201642121 99999996403659991212121                        640
2 4133853 8992206406401143121 99999996409999991141114 99999999973656401212152640
3 4473853 9252206406402642121 99999992206406401143121 99999996409976401112521640
3 548285310122203652201142321 99999996403659991211533                        640
2 572285310202206406402143321 99999996403659991112521                        640
2 563385310202206406402141112 85310992203653652143121 99999999973656401212152640
2 567385310202206406401141112 99999992203059991143121 99999993052009991112511640
1 570385310202206406402142321 99999992209999991641113 99999996403659991711993640
2 566385310202206406401141112 99999992203059991143121 99999993052209991112511640
1 565285310202206406402142421 99999992206409992112511                        640
2 574285310202206406402143111 85310206403659991611533                        640
3 617285311 42206406402142421 99999992203659991211533                        640
2 622285311 72206406402143121 99999996402209991112521                        640
1 652285311182206406401142421 99999996403659991112521                        640
1 651185311182206406401112111                                                640
3 661285311182202002201642121 99999996403653091511533                        640
3 729285312112206406402142111 85312992203651871211313                        640
2 764385312252206406402143121 99999996402206401642121 99999996403659991112533640
2 760385312252206406402143121 99999996402206401642421 99999996403659991212121640
1 9722854 3122206406402142121 99999992206406402221141                        640
310872854 3122206406402142421 99999992206406402521121                        640
1 9701854 3122206406402112511                                                640
3 9762854 3122206406402142421 99999992206406402111413                        640
1 3932853 8152209992201141111 853 7289979973051112521                        997
2 679385311252209973051142421 99999999976406401143122 99999996409976401192991997
2 8502854 2112203652201142221 99999999973659991112142                        997
2 8512854 2112203652201142221 99999999976409991112142                        997
3  202852 5992209992201142921 99999992209999991112533                        999
3  521852 7992209996401112533                                                999
1  13285210992209992201142122 99999992209999991611593                        999
3 4491853 9252209991922311313                                                999
2 601285310252209992201143121 99999999979973051112521                        999
1 526285310992203653651642121 99999999996406401112243                        999
3 545185310992209992201321133                                                999
1 584285310992209992201142121 99999992209999991912121                        999
11070285310992203653652642121 99999999996406401132143                        999
3 687285311252209999992142421 99999992203659991211533                        999
3 629285311992209996401142121 99999992203651921711313                        999
1 767285312252206406402642121 99999999996406401132143                        999
3 8041854 1112209992201111353                                                999
3 8321854 1252209992201311353                                                999
2 9782854 3122209996402143121 99999999992209991112511                        999
310422854 3252209992201142421 99999992209999991111423                        999
3 800185499992209992201111333                                                999
310602854 1992586406402141113 854 1 32009971871112533                        200
210193854 3182582002001143121 99999992002589991142121 99999992583659991212142200
210183854 3182582002001143121 99999992002589991142121 99999992582009991212142200
3 2732852 4182589992002141213 99999992209992201112719                        220
2  96385212 32589999992141112 85210992209992201142122 99999992209999991611593220
2 1262853 1992582202201143221 99999992203652201212161                        220
1 1252853 1992582202201142221 99999992582202201212161                        220
110661853 1992582202202212161                                                220
310612854 1992586406402141113 854 1 32209971871112533                        220
210103854 3992582202581143121 99999992202589991142121 99999992582209991212142220
210113854 3992582202581143121 99999992202589991142121 99999992583659991212142220
110092854 3992582202581141111 85310602589992581112362                        220
1  87285212992583052581142121 99999992582209991212161                        305
1 486185310 42583052902212111                                                305
3 507185310 42583052902512111                                                305
210163854 3182583053051143121 99999993052589991142121 99999992583059991212142305
210173854 3182583053051143121 99999993052589991142121 99999992583659991212142305
310482854 3992583059991142421 99999992589993251211363                        305
310472854 3992583059991142421 99999992589993101211363                        305
1  241852 5162583652581212111                                                365
3  252852 5222583652581642421 99999992582209991212161                        365
3  261852 5252583652581512111                                                365
1  86285212992583652581142121 99999992582209991212161                        365
2 491285310 42583653651142421 99999992589992581112362                        365
3 509185310 42583652902512111                                                365
1 487185310 42583652902212111                                                365
1 530185310 82583652581212111                                                365
3 544185310102583652581512111                                                365
1 771285312252586406402141211 99999993656403091111521                        365
2 276285399992583652581143121 99999993656409991112521                        365
1 9392854 2252583652581142121 99999992582202581131121                        365
1 9382854 2252583652581142121 99999992582002581131121                        365
2 762385312252586406402143121 99999996402586401642421 99999996403659991212121640
2 765385312252586406402143121 99999996402586401642121 99999996403659991112533640
1 708285312 22582202201142121 99999999979979991212121                        997
1 707285312 22582002001142121 99999999979979991212121                        997
2 275285399992589972581143121 99999999976409991112521                        997
3 9542854 3992589972581642121 99999999979973051112521                        997
1 9552854 3992589972581642121 99999999979999991211533                        997
1 100285212 32589999992142121 99999992589999991632143                        999
1  88285212992589992581142121 99999992582202201212161                        999
2 555185310112589992581112362                                                999
21085285310112589992581142421 99999992589999991212142                        999
2 696285311282589992581142121 99999992583659991712142                        999
2 697285311282589992581142121 99999992586409991712142                        999
1 713285312 52589993052142121 99999992586409991712991                        999
1 715285312 52589993052642121 99999999996406401132143                        999
1 768285312252586406402642121 99999999996406401132143                        999
1 274285399992589992581142121 99999992586409991112521                        999
310212854 3182589992581142421 99999992589992581111353                        999
210201854 3182589992581112362                                                999
3 278285211993052003051141113 99999992009992001112719                        200
3  78285211993052003051642111 85211993052002001112631                        200
3 4622853 9183052006401142121 99999993052009991612521                        200
1 4643853 9183052006401142121 99999993056409991143121 99999996409979991112521200
3 8052854 1183053653051141113 854 1 32003651872211313                        200
310622854 1993056406402141113 854 1 32009971871112533                        200
1 9223854 2203052203051142421 99999992003659991143121 99999993656403091211521200
3 2712852 4183059992002141213 99999992209992201112719                        220
3  503852 5993052203051141113 852 5992203053051142121 99998999220999999111271220
1  492852 5993052203051142221 99999993052209991212161                        220
2  94385212 33059999992141112 85210992209992201142122 99999992209999991611593220
1  89285212993052203051142121 99999993052202201212161                        220
2 1282853 1993052202201143221 99999992203652201212161                        220
1 1272853 1993052202201142221 99999993052202201212161                        220
110671853 1993052202202212161                                                220
3 4632853 9183052206401142121 99999993052209991612521                        220
1 4653853 9183052206401142121 99999993056409991143121 99999996409979991112521220
2 600385310253052202201143121 99999992209979991142121 99999999979973051112521220
2 599385310253052202201143121 99999992209979991142122 99999999973659991912993220
2 598385310253052202201143121 99999992209979991143122 99999999976409991912993220
1 783285312253052202201142121 99999993053659991112521                        220
3 8152854 1173052202201141113 85312992202589991611131                        220
3 8142854 1173052202201141113 85312992203059991611131                        220
3 8062854 1183053653051141113 854 1 32203651872211313                        220
310632854 1993056406402141113 854 1 32209971871112533                        220
2 9233854 2203052203051143221 99999992203659991143121 99999993656403091211521220
1 9213854 2203052203051142221 99999992203659991143121 99999993656403091211521220
2  152852 5993052583051143421 99999992582209991612121                        258
1 485185310 43052582902212111                                                258
3 506185310 43052582902512111                                                258
111011852 5 83053653051212111                                                365
3  191852 5133053653051512111                                                365
2  142852 5993053653051143421 99999993652209991612121                        365
3 489285210 43053653651642421 99999993053659991221141                        365
2  57285299993053659991143121 99999993652209991612161                        365
2 8033853 1113053653051143121 99999993659999991142121 99999993659999991612243365
2 8023853 1113053653051143121 99999993659999991142121 99999993659999991632143365
3 1202853 1253056406401142321 99999993656406402111523                        365
2 1653853 2253053653651143121 99999993653059991142121 99999993056403461132142365
2 1662853 2253053653651143422 99999993656403461211363                        365
2 2043853 5 43053653051143121 99999993659999991141114 853 4193656406401112992365
2 2223853 5 43053653051143122 99999993653053051141119 853 4193656406401112999365
2 2572853 5253053653051143121 99999993659979991112521                        365
2 2683853 5253053653051143121 99999993656409991642121 99999993656406401112243365
1 3011853 6 43053653051112111                                                365
1 3201853 6303053653651112111                                                365
2 3692853 7 43053653651642121 99999993053659991112522                        365
1 3281853 7 43053653651212111                                                365
1 3312853 7 43053653651642121 99999993053453451211653                        365
1 3302853 7 43053653651642121 99999993053463461211653                        365
1 3322853 7 43053653651642121 99999993056409992211533                        365
3 3333853 7993053653051141113 853 4193656406401143121 99999996403656401132611365
3 3342853 7993053653051141113 853 7 23656403091211653                        365
3 3771853 8 43053653651512111                                                365
3 3922853 8123053656401142121 99999993053453451211653                        365
1 4431853 9253053653051112521                                                365
1 484185310 43053652902212111                                                365
2 490285310 43053653651142421 99999993059993051112362                        365
3 504185310 43053652902512111                                                365
2 558285310183053653651143121 99999993656409991212121                        365
2 654385311183056406401141112 85310803653053051142421 99999993656403601212121365
2 742385312993059993051141112 99999993659999991142421 99999993656403091212121365
2 743385312993059993051141112 99999993659999991642121 99999993656403091511533365
1 670285399993059993051142121 99999993656409991112521                        365
2 7933854 1 43053659991143121 99999993659999991142121 99999996409976401132611365
2 8012854 1113053653051143121 99999993656403551611523                        365
411003854 1183053653051141114 99999993059999991142121 99999992203651872211313365
2 8082854 1183053653051143122 99999993652209991699993                        365
2 8072854 1183053653051143122 99999993652009991699993                        365
410993854 1183053653051141114 99999993059999991142121 99999992003651872211313365
2 8432854 1233053653051143321 99999993656403551611523                        365
1 8462854 1233053653051142322 99999993052009991912991                        365
3 8482854 1233053653051142321 99999993053653051211313                        365
1 8472854 1233053653051142322 99999993052209991912991                        365
2 8453854 1233053653051143321 99999993659999991142121 99999993659999991612243365
2 8443854 1233053653051143321 99999993659999991142121 99999993659999991632143365
2 8353854 1253053653651143112 854 2113659999991141119 85312 59979973051112521365
2 8373854 1253053653651143121 99999993659999991142121 99999996403659991612533365
2 8343854 1253053653651143121 99999993656409991142121 99999993656406401612243365
2 8363854 1253053653651143121 99999993659999991142121 99999996409996401112719365
2 8332854 1253053653651143121 99999993653093091211521                        365
2 8692854 2 33053653051143221 99999993656406401612243                        365
1 8702854 2 33053653054114221 99999993059993051112362                        365
2 8672854 2 33053653051143221 99999993656406401611523                        365
2 8682854 2 33053653051143421 99999993653093091211521                        365
1 8641854 2 33053653051212121                                                365
2 8723854 2 33053653051143121 99999993659999991642121 99999999996406401132143365
3 8802854 2 33053653051142121 99999993059993051321133                        365
3 8792854 2 43053653051142222 99999993053659991999993                        365
2 8782854 2 43053653051143321 99999993656406401611523                        365
3 8912854 2 43053653051642121 99999993053659991112511                        365
2 8772854 2 43053653051142322 99999993053653051612362                        365
2 8921854 2 43053653051112362                                                365
2 9073854 2 43053653051143122 99999993653059991141219 99999993656409991112521365
3 8971854 2 83053653051512121                                                365
3 9352854 2273053653051142321 99999993053659991211533                        365
2 9342854 2273053653052143321 99999993653093091211521                        365
110321854 3183053653051112111                                                365
3 1192853 1253056406401142321 99999996056406402111523                        605
2 1112852 1253056406401143321 99999996403483481511533                        640
2 1142853 1253056406401143321 99999996403056401512213                        640
2 1152853 1253056406401143321 99999996403056401123241                        640
2 1162853 1253056406401143321 99999996403056401512373                        640
2 1172853 1253056406401143221 99999996403053481132111                        640
2 1213853 1253056406401143121 99999996403059991143121 99999993059999991212142640
2 1133853 1253056406401143322 99999996403059991141119 99999996403056401211313640
1 1091853 1253056406401212111                                                640
1 1182853 1253056406401142221 99999993056406401123231                        640
3 1221853 1253056403051211313                                                640
2 1122853 1253056406401143321 99999996409993481211521                        640
3 1381853 2183056406401512111                                                640
3 1342853 2183056406401142321 99999993056406401512161                        640
2 1353853 2183056406401143321 99999996403059991143121 99999993059999991212142640
1 1391853 2253056403051511313                                                640
2 1783853 3253056406401143121 99999996403056401142121 99999993059999991212142640
2 2122853 5 53056406401143121 853 5106403657071732011                        640
2 2112853 5 53056406401143411 853 5106403656401132611                        640
3 2393853 5113056406402642121 99999993056406401143111 853 5146403656401132611640
2 3783853 8993056409991143321 99999996409999991142121 99999996403656401732611640
3 3802853 8993056409991142321 99999993056409992512991                        640
2 3793853 8993056409991143321 99999996409999991142121 99999996403657071732611640
3 4572853 9203056403051142122 99999993056409991612991                        640
2 4562853 9203056403051143121 99999996409979991612533                        640
2 4712853 9993056403051143121 99999996403059991123241                        640
3 510285310 43056403051142922 99999993056409991512991                        640
2 511285310 43056403051143321 99999996403659991112521                        640
2 512285310 43056403051143321 99999996403659991611523                        640
2 576285310213056406401143121 99999996403059991112521                        640
2 2562853 5253059973051143121 99999999973659991112521                        997
2 2673853 5253059973051143121 99999999976409991642121 99999999976406401112243997
3 3042853 6993052003051642121 99999999979972001112121                        997
2 4542853 9253059973052143121 99999999979973051212121                        997
2 603385310253059973051143121 99999999976406401141112 99999993656403601212121997
2 604385310253059973051143121 99999999976406401143121 99999996403653601212121997
2 612385311 63059973051143121 99999999979999991142121 99999999979996401112533997
2 611385311 63059973051143121 99999999976406401143122 99999996409979991192991997
1 706285312 33053653051142121 99999999979979991212121                        997
1 705285312 33052003051142121 99999999979979991212121                        997
3 9272854 2203052203051142421 99999999979999991211533                        997
1 9262854 2203052203051142421 99999999979973051112521                        997
1  98285212 33059999992142121 99999993059999991632143                        999
3 4091853 8253059991921211313                                                999
2 557185310133059993051112362                                                999
1 556185310133059993051421133                                                999
1 698285311293059993051642121 99999993053659991412161                        999
1 704285311293059993051642121 99999993056409991211533                        999
1 702285311293059993051142421 99999993053659991112111                        999
2 700285311293059993051143321 99999992203053251612243                        999
2 701285311293059993051143421 99999992202009991112111                        999
1 699285311293059993051142421 99999993053659991112511                        999
1 703285311293059993051642121 99999993053659991211533                        999
1 712285312 53059993052142121 99999993056409991712991                        999
1 714285312 53059993052642121 99999999996406401132143                        999
2 669285399993059993051142421 99999993053653051712362                        999
2 667285399993059993051143121 99999999976409991212142                        999
2 665285399993059993051143121 99999999973659991212142                        999
31014285499993059993051142421 99999993059996401211363                        999
3 3192853 6253083653081142121 99999993086409991623261                        365
3 3182853 6253083653081142121 99999993086403081512161                        365
3 1562852 2213652003651642121 99999993659999991112521                        200
1 1552852 2213652003651642121 99999993656406401132143                        200
1   62852 4993652003651142421 99999993652112111221141                        200
1  77185211993652002001112631                                                200
3 101285212993652003651142421 99999993652202111211533                        200
3  80285299993652003651142421 99999993652001711211313                        200
2 1022853 1 93652003651143121 99999992003653651112111                        200
1 2921853 1 93652003651212111                                                200
2 1062853 1143652003651143121 99999992003659991112521                        200
1 1042853 1143652003651642121 99999992006406401211653                        200
3 1052853 1143652003651142421 99999993656406401211653                        200
3 1472853 2213652003651142421 99999993656406401211533                        200
1 1442853 2213652003651642121 99999993656406401211653                        200
3 1522853 2213652003651142421 99999992006401741132143                        200
1 1482853 2213652003651642121 99999992006406401211653                        200
1 1542853 2213652003651141111 853 2212003653651112521                        200
3 1512853 2213652003651142421 99999992006407091132143                        200
4 1673853 3 53652003651141114 99999993652003651142121 99999999996406401132173200
2 1693853 3 53652003651642121 99999993652209991141112 99999993652003651112521200
2 1683853 3 53652003651642121 99999993653059991141112 99999993652003651112521200
3 1722853 3103652003651141113 99999992002209999612993                        200
3 2941853 4 43652003651512111                                                200
4 1902853 4 43652006401141114 853 3993656403651221133                        200
1 1873853 4 53652003651141111 853 3702009992001642121 99999992003651741211313200
1 2791853 4183652006402112521                                                200
1 2201853 5 53652006401112111                                                200
3 2302853 5 93652006401142121 99999993656406401512161                        200
4 2292853 5 93652006401141114 99999993652009991112533                        200
4 2282853 5 93652006401141114 853 5 53656406401112243                        200
3 2623853 5253652003651141113 853 5992006406401642111 853 5996403656401132611200
1 2591853 5273652003651112111                                                200
4 2612853 5273652003651141114 853 5993652006401112533                        200
3 3432853 7993652003651642121 99999993656409991212121                        200
3 4782853 9253652002001141113 853 9802009991921112533                        200
3 4772853 9253652002001141113 853 9802009991922311313                        200
2 513385310 53652002001143122 99999992003652001141119 853 9803659993051112992200
1 602285310253652003651142421 99999993652003651612213                        200
3 615285311 43652002001141113 85310222003651921311313                        200
2 618285311113652003651143121 99999992002209991512511                        200
2 619285311113652003651143121 99999992003659991112511                        200
1 620285311113652003651141211 99999992003659991112521                        200
3 634185311113652003651112213                                                200
2 694285311993652009991143121 99999992009992001121719                        200
2 631385311993652002001143321 99999992009996401642121 99999992003651921711313200
3 630285311993652002001142221 99999993652002001512161                        200
31074385312153653053651141113 99999992003059991143121 99999993053659991612511200
31075285312183652003651142121 99999993656403091611521                        200
4 756385312183652003651141114 99999993659999991142121 99999993656403091132143200
3 664185399993652002001423151                                                200
2 8283854 1233652002001143122 99999992003652001141119 854 1 32006401871211212200
9 8263854 1253659973651141119 854 1 32003651872211313                        200
3 7912854 1993652003651141113 854 1 32003651872211313                        200
3 8951854 2 43652002001512161                                                200
3 9281854 2993652001881111353                                                200
3 9531854 3 23652001881321133                                                200
310542854 3313652003651642111 854 4303656403091111521                        200
110572854 3313652003651142121 99999993652003651612363                        200
1   32852 1253652203651142121 99999993652209991312161                        220
1   52852 2193652203651142221 99999993652112111221141                        220
3 2722852 4183659992002141213 99999992209992201112719                        220
3  512852 5993652202581642121 99999993652209991112111                        220
3  213852 5993659993651141113 852 5992209992201142921 99999992209999991112533220
3  532852 7993652206401141113 852 7992209996401112533                        220
2  662852 9993652202201143121 99999992209992201612719                        220
1  76285210993652202581142121 99999993652203651112111                        220
3  74285210993652202581141213 99999993652209991112511                        220
2  95385212 33659999992141112 85210992209992201142122 99999992209999991611593220
2  81285212113652203651143121 99999992209992201612719                        220
1 1032853 1123652203651642121 99999993656409991211533                        220
1 1492853 2213652003651642121 99999992206406401211653                        220
1 2051853 4183652206402112521                                                220
2 3052853 6 43652203651143121 99999992203659991212121                        220
2 595385310253652202551143221 99999992203659991142121 99999993656406401212243220
1 594285310253652202551142221 99999993652209991112511                        220
3 632285311993652202201142221 99999993652202201512161                        220
2 633385311993652202201143321 99999992209996401642121 99999992203651921711313220
3 737385312153653053651141113 85311602203052201143321 99999993053659991612511220
1 776285312253652202201141211 99999992203659991112521                        220
2 775285312253652202201143121 99999992203659991112511                        220
2 774285312253652202201143121 99999992202009991612511                        220
3 739285312993659993651142121 99999992202112111132143                        220
3 740285312993659993651142121 99999992206407091132143                        220
3 8382854 1993652209991642121 99999993652209991112511                        220
3 7922854 1993652203651141113 854 1 32203651872211313                        220
3 8961854 2 63652202201512161                                                220
1 9112854 2183652203651142221 99999993652209991411313                        220
1 9122854 2183652203651142221 99999993652209991212161                        220
1 9082854 2183652203651142421 99999993656403651212121                        220
3 9092854 2183652203651142421 99999993659999991211533                        220
2 9132854 2183652203651143221 99999992203659991212161                        220
2 9103854 2253652203651143221 99999992206409991143121 99999996403653651621143220
110562854 3313652203651142121 99999993652203651612363                        220
310552854 3313652203651642111 854 4303656403091111521                        220
1  231852 5163652582581212111                                                258
3  271852 5253652582581512111                                                258
2  122852 5993652582581143122 99999992582209991699993                        258
3  92285212993653053651141113 85212992582202581212161                        258
1 488185310 43652582902212111                                                258
3 508185310 43652582902512111                                                258
1 531185310 83652582581212111                                                258
3 543185310103652582581512111                                                258
2 8992854 1253652582581143121 99999992589992581112362                        258
2 9372854 2253652589991143121 99999992582202581631121                        258
2 9362854 2253652589991143121 99999992582002581631121                        258
1  161852 5 83653053051212111                                                305
3  172852 5133653053051642421 99999993652209991212161                        305
3  181852 5133653053051512111                                                305
3  91285212993653053651141113 85212993052203051212161                        305
3  90285212993653053651642121 99999993652209991212161                        305
3  58285299993653059991142121 99999993652209991612161                        305
1 2233853 5 43653053051141111 853 4193656406401143121 99999996403656401132611305
1 3021853 6 43653053051112111                                                305
1 3211853 6303653053651112111                                                305
1 3291853 7 43653053651212111                                                305
2 3352853 7993653053651143122 99999993056409992999993                        305
3 3761853 8 43653053651512111                                                305
210973853 9253653053051143121 99999993059993051143121 99999999999979991612533305
1 4522853 9253653053051142121 99999993656406401612243                        305
1 4421853 9253653053051112521                                                305
1 483185310 43653052902212111                                                305
3 505185310 43653052902512111                                                305
1 586285310253653053051142421 99999993656403601212121                        305
2 722285312 43653053051143322 99999993053659991699993                        305
3 721285312 43653053051142222 99999993653059991999993                        305
3 723285312 43653053051142421 99999993659999991512161                        305
2 181285399993653059991143421 99999993056403461211653                        305
2 182285399993653059991143421 99999993056403481211653                        305
110772854 1 43653059991142121 99999993656409991112521                        305
9 8662854 2 33653053051142222 99999993656406401632149                        305
3 8713854 2 33653053051141113 854 2 33053653051143221 99999993656406401611523305
1 8631854 2 33653053051212121                                                305
2 8652854 2 33653053051143221 99999993059993051112362                        305
3 8862854 2 43653053051142221 99999993056403461211653                        305
3 8872854 2 43653053051142221 99999993056403471211653                        305
2 8812854 2 43653053051143121 99999993053659991112511                        305
3 8902854 2 43653053051142321 99999993653059991512161                        305
2 8842854 2 43653053051142221 99999993656403092132142                        305
1 8852854 2 43653053051142221 99999993653053051612243                        305
3 8742854 2 43653053051142421 99999993656406401111523                        305
3 8882854 2 43653053051142421 99999993652003051211533                        305
2 8822854 2 43653053051143221 99999993059993051112362                        305
3 8752854 2 43653053051142421 99999993656406401112243                        305
3 8892854 2 43653053051142421 99999993652203051211533                        305
3 8762854 2 43653053051142421 99999993656406401611521                        305
2 8832854 2 43653053051142221 99999993056403092132142                        305
3 8981854 2 83653053051512121                                                305
1 9422854 3 43653053051142421 99999993656403091211521                        305
2 9403854 3 43653053051143121 99999993059999991142121 99999996403656401132611305
2 9413854 3 43653053051143121 99999993059999991142121 99999996403657071732611305
1 9432854 3 43653053051142421 99999993656409991112521                        305
310902854 3 43653053051142321 99999993653059991612521                        305
110331854 3183653053051112111                                                305
2 3152853 6233653083081143121 99999993086409991512161                        308
2 3162853 6233653083081143121 99999993086409991623261                        308
1 3142853 6233653083081142121 99999993653083081612243                        308
2 3172853 6233653083081143121 99999993083659991123261                        308
2 3252853 7113653093091143121 99999993096409991512161                        309
2 3272853 7113653093091143121 99999993093659991123261                        309
2 3262853 7113653093091143121 99999993096409991623261                        309
2 4662853 9183653093091143121 99999993093653091132111                        309
2 726385312103653803801143121 99999993802003801642121 99999993802003801131121380
2 727385312103653803801143121 99999993802203801642121 99999993802203801131121380
2 9172854 2993653809991143121 99999993802003801631121 99999993802003801631121380
2 9182854 2993653809991143121 99999993802203801631121                        380
3 8942854 2993653809991141113 85312993809993802112362                        380
210252854 3993653809991142221 99999993809993801112362                        380
2 9512854 3993653803801143121 99999993802003801631121                        380
210262854 3993653809991143221 99999993802003801631121                        380
210272854 3993653809991143221 99999993802203801631121                        380
2 9522854 3993653803801143121 99999993802203801631121                        380
1  652852 5123656406401142421 99999993656406401221141                        640
2  62385210993656407071143122 99999996403656401141116 852 1306403657071132611640
3  64385212 53656406401141113 852 7996402206401142121 99999996403657081532611640
1 1452853 2213652003651642121 99999996409999991132143                        640
2 1582853 2233656406401143221 99999996409996401112719                        640
1 1572853 2233656406401142221 99999993656406401212121                        640
1 1611853 2243656406401212121                                                640
3 1642853 2243656403651142322 99999993656409999999993                        640
2 1632853 2243656403651143121 99999996403656401732611                        640
2 1862853 3993656406401143121 99999996403656401132611                        640
2 1852853 3993656406401143121 99999996409996401112719                        640
210682853 3993656406401143121 99999996403659991112521                        640
1 1882853 4 53652003651142121 99999996402207071132611                        640
3 1972853 4113656406401142121 99999993656409991612511                        640
1 2892853 4183652206402142121 99999996402207071132611                        640
9 2852853 4183656406402142121 99999996409996401112719                        640
3 2022853 4193656406401141113 99999996403659991112993                        640
2 2012853 4193656406401143121 99999996403656401132611                        640
2 2162853 4193656406401143121 99999996403657071132611                        640
210692853 4193656406401143121 99999996409996401112719                        640
2 2172853 4193656406401143121 99999996403657081132611                        640
2 2132853 5 53656406401143111 853 5106403057071132611                        640
2 2102853 5 53656406401143121 853 5106403656401732611                        640
2 2332853 5113656406401143311 853 5603656406401143311 853 5146403656401112521640
3 2973853 5113656406401141113 853 5606403656401642121 99999996403656401112521640
3 2382853 5113656406401141113 853 5606403656401642121 99999996403656401132611640
3 2342853 5113656406401142311 853 5143656406401512161                        640
3 2422853 5133656406401142311 99999993656406401512161                        640
2 2412853 5153656406401143311 99999996403656401112521                        640
2 2512853 5183656406401143121 99999996403656401112521                        640
3 2473853 5183656406401141113 853 5186403656401142121 99999996409996401112719640
2 2502853 5183656406401143321 99999996403659991612533                        640
3 2463853 5183656406401141113 853 5186403656401142121 99999996403657071132611640
3 2482853 5183656406401142111 853 5993656406401512161                        640
3 2492853 5183656406401142222 99999993656409991999993                        640
3 2642853 5213656403651142321 99999993656403091211653                        640
3 2531853 5213656406401512161                                                640
3 2541853 5213656406401512121                                                640
2 2652853 5313656403651143311 853 6076403656401132611                        640
3 3082853 6 93656406401142311 853 6173656403091211653                        640
2 3072853 6 93656406401143311 853 6176403656401112521                        640
3 3221853 7 23656403091211653                                                640
2 3912853 8123656403651143221 99999996403657071732611                        640
2 3902853 8123656403651143221 99999996403656401732611                        640
1 3892853 8123656403651142221 99999993659993091211521                        640
1 3951853 8183656401871411313                                                640
1 4111853 8313656403051112121                                                640
3 4233853 9 73659993651141113 853 8206409976401143121 99999999973656401212152640
2 4552853 9993656406401143121 99999996409996401112719                        640
3 4342853 9993656403091142221 99999993656403091211533                        640
2 4352853 9993656403091143321 99999996403653091611523                        640
3 4721853 9993656409991112213                                                640
3 542185310113656409991112533                                                640
3 540185310113656403651423151                                                640
3 559185310183656403091321133                                                640
3 578185310233656403091111513                                                640
3 582185310233656403091211533                                                640
3 607185311 13656403651112363                                                640
3 609285311 53656403651142111 85311223656403651533131                        640
3 183285399993656409991142221 99999993656406401211533                        640
2 184285399993656409991143321 99999996403053051611523                        640
1 3813853 8 33659973651142421 99999993659979991141111 853 7289979973051112521997
3 4502853 8993659993651141123 853 7289979973051112521                        997
2 4313853 9113659973051143121 99999999976409991143321 99999996409979991112521997
3 4293853 9113659973051142121 99999993659979991141113 853 7289979973051112521997
2 4282853 9113659973051642121 99999999973656401212152                        997
2 4303853 9113659973051143121 99999999976409991142322 99999999976409991512991997
2 4412853 9233653973051142121 99999999973656401212152                        997
1 4392853 9233659973051142121 99999993656406401612243                        997
1 4381853 9233659973051212121                                                997
2 4532853 9253659973052143121 99999999979973051212121                        997
4 4513853 9253659973051142421 99999993656406401141114 853 8993659993651112991997
3 4821853 9283659973051512121                                                997
21096285312183659973651642121 99999999973656401212152                        997
31094285312183659973651642121 99999993659979991112521                        997
1 8232854 1253659973651142121 99999993652202201112121                        997
1 8192854 1253659973651142221 99999993652203651612363                        997
2 8202854 1253659973651143221 99999992006401871211212                        997
2 8273854 1253659973651143122 99999992203659991141119 854 1 32203651872211313997
2 8212854 1253659973651143221 99999992206401871211212                        997
1 8222854 1253659973651142121 99999993652002001112121                        997
1 8252854 1253659973651142121 99999993653053051112121                        997
1 8242854 1253659973651142121 99999993652582581112121                        997
1 8182854 1253659973651142221 99999993652003651612363                        997
1 8542854 2 23659973051142121 99999993656409991212121                        997
1 8592854 2 23659973051142221 99999993656403091211521                        997
2 8573854 2 23659973051143221 99999999979999991142121 99999996403656401612373997
2 8563854 2 23659973051143221 99999999979999991142121 99999996403659991612533997
3 8552854 2 23659973051642121 99999993659979991212121                        997
2 8583854 2 23659973051143221 99999999979999991142121 99999996403656401132611997
210082854 3993659999991142421 99999999973659991212142                        997
11095285412183659973651142121 99999993656403651112121                        997
1   72852 4993652003651141211 99999999992209991112142                        999
1   82852 4993652003651141211 99999999992119991112142                        999
3  222852 5993659993651642121 99999993652209991212161                        999
1  99285212 33659999992142121 99999993659999991632143                        999
1 1462853 2213652003651642121 99999999996406401132173                        999
3 2002853 4153652003651141113 99999999996409991999993                        999
4 3232853 7 43659993651141114 853 7023656403091211533                        999
1 3242853 7 43659993651142121 99999993656403091632143                        999
110782853 9 73659993651142121 99999993659979991612533                        999
1 4242853 9 73659993651142421 99999993653093091211521                        999
2 4402853 9233659993051143121 99999996403656401732611                        999
1 4442853 9253659993051142121 99999993656409991611533                        999
1 4452853 9253659993051142121 99999993659979991612533                        999
1 4752853 9993659993651142121 99999993656409991611533                        999
3 541285310113659993651142121 99999993656409991211533                        999
3 547285310113659993091142421 99999993656403091211533                        999
31098285310113659993091142121 99999993656403091611521                        999
3 577285310253659993651142421 99999993656409991512121                        999
1 610285311 53659993651142121 99999993659993651733131                        999
3 659285311993659993651142421 99999993652002001412161                        999
3 660285311993659993651142421 99999993652202201412161                        999
3 657285311993659993651142121 99999993659979991612121                        999
1 658285311993659993651142121 99999993656409991212121                        999
3 730285312113659993651142121 99999993656401871111423                        999
1 741285312993659993651142121 99999993652202201912991                        999
3 732285399993659993651142421 99999993652003651112363                        999
21072285399993659993651143121 99999992003651871611313                        999
21073285399993659993651143121 99999992203651871611313                        999
3 733285399993659993651142421 99999993652203651112363                        999
2 7942854 1 43653059991642121 99999999996406401132142                        999
3 8732854 2 43653053051142421 99999999996406401132143                        999
310892854 2213659993651142121 99999993652209991211533                        999
310882854 2213659993651142121 99999993652009991211533                        999
210042854 3993659999991143221 99999992003651871511313                        999
110072854 3993659999991142421 99999993656409991212121                        999
210062854 3993659999991143221 99999992203651921411313                        999
210032854 3993659999991143221 99999992203651871511313                        999
210022854 3993659999991143221 99999996403659991612533                        999
210052854 3993659999991143221 99999992003651921411313                        999
2 9482854 3993803653801142121 98999993809993801712362                        365
3 9492854 3993803653801142421 99999993809999991211533                        365
2 780185312993809993802112362                                                999
310292854 3993809993801642121 99999993802203801131121                        999
310282854 3993809993801642121 99999993802003801131121                        999
3 9501854 3993809993801321133                                                999
2 779185312993909993902112362                                                999
2 1953853 4 46402006401141112 85399996403656401141211 99999993656406401112521200
2 1913853 4 46402006401143122 99999992006406401141219 99999996403656401132611200
3 3442853 7996402009991642121 99999996403659991212121                        200
3 4072853 8256402006401142421 99999996403659991211533                        200
1 4052853 8256402006401142421 99999992006406401221141                        200
3 4731853 9 46402006401114213                                                200
2 550285310116402006401143121 99999992003651922311313                        200
3 623285311 76402006401642121 99999996402009991112521                        200
3 649285311166402006401642121 99999996402009991112521                        200
1 677285311256402006401142421 99999996403659991112521                        200
1 674285311256402006401112111                                                200
1 695285311276402006401142121 99999996409999991712121                        200
2 719285312 56402006401143121 99999992003651872211313                        200
3 748285312186402006401142121 99999996403659991112533                        200
1 745285312186402006401142421 99999996403659991212121                        200
3 9732854 3126402006401142121 99999996403659991612521                        200
1 9681854 3126402006402112511                                                200
1   41852 2 96402207081132611                                                220
311031852 3126402206401532611                                                220
1  551852 7996402206401131121                                                220
1  592852 7996402206401142121 99999996402207081132611                        220
3  542852 7996402206401642121 99999996402206401131121                        220
1  602852 7996402206401142121 99999996402207081132611                        220
3  69285210156402206401642121 99999992206409991123131                        220
1  71285210196402206401142121 99999992206409991123131                        220
1  61185212996402207081132611                                                220
1 4062853 8256402206401142421 99999992206406401221141                        220
3 4082853 8256402206401142421 99999996403659991211533                        220
3 4101853 8306402206401111313                                                220
2 551285310116402206401143121 99999992203651922311313                        220
3 605285310306402206401642121 99999996409979991112521                        220
1 606285310306402206401142121 99999996403659991112521                        220
3 624285311 76402206401642121 99999996402209991112521                        220
1 650185311186402206401112111                                                220
1 653285311186402206401142421 99999996403659991112521                        220
1 678285311256402206401142421 99999996403659991112521                        220
2 720285312 56402206401143121 99999992203651872211313                        220
3 749285312186402206401142121 99999996403659991112533                        220
1 746285312186402206401142421 99999996403659991212121                        220
1 9691854 3126402206402112511                                                220
3 9742854 3126402206401142121 99999996403659991612521                        220
110241854 3996402207071132611                                                220
3 750285312186402586401142121 99999996403659991112533                        258
1 747285312186402586401142421 99999996403659991212121                        258
1 1101853 1256403056401212111                                                305
3 1371853 2186403056401512111                                                305
3 1333853 2186403056401642121 99999996403059991143121 99999993059999991212142305
2 1362853 2186403056401143121 99999993059999991212142                        305
1 2081853 2256403053481211521                                                305
3 2091853 3256403053481511521                                                305
2 1943853 4 46402006401141112 85399993056406401143121 99999996403657071132611305
110152854 3996403056401642121 99999993056406401111653                        305
1   21852 1306403657081132611                                                365
4  63285210996403657071141114 85299996402207071132611                        365
1 1621853 2246403656401212121                                                365
2 1933853 4 46402006401141112 85399993656406401642121 99999993656407081112533365
1 2152853 5 56403656401142121 99999996403657081132611                        365
2 2142853 5 56403656401143121 99999996403657071132611                        365
3 2182853 5 56403656401642121 99999996403656401132611                        365
9 2322853 5106403656401142121 99999996409996401112719                        365
3 2312853 5106403656401642121 99999996403656401132611                        365
3 2952853 5106403656401642121 99999996403656401112521                        365
1 2962853 5116403656401142121 99999996403656401112521                        365
3 2372853 5116403656401642121 99999996403656401132611                        365
3 2432853 5176403656401642121 99999996403656401132611                        365
9 2452853 5186403656401142121 99999996409996401112719                        365
1 2442853 5186403656401142121 99999996403657071132611                        365
3 2522853 5186403656401642121 99999996403656401112521                        365
3 2551853 5216403656401512121                                                365
1 2632853 5256403656401142121 99999996403657071132611                        365
1 3702853 6166403656401142221 99999996403653651212121                        365
2 3122853 6166403656401143221 99999993656403651212121                        365
3 3112853 6186403656401642121 99999996403656401112521                        365
2 3372853 7186403653651143221 99999993656403651212121                        365
3 3362853 7186403653651141113 853 7023656403091211653                        365
1 3712853 7186403653651142221 99999996403653651212121                        365
3 3472853 7996402203651642121 99999996403656401112521                        365
1 3872853 8126403659991142221 99999996403659991212121                        365
2 3882853 8126403659991143221 99999993653093091211521                        365
3 3941853 8166403656401311353                                                365
1 4121853 8316403653051112121                                                365
3 4761853 9996403653091321133                                                365
3 4271853 9996403653451321133                                                365
3 4691853 9996403656401311353                                                365
3 4701853 9996403653091112373                                                365
3 4322853 9996403656401142221 99999996403653091211533                        365
2 4332853 9996403656401143321 99999993656406401611443                        365
3 499185310 46403656401112363                                                365
3 581185310236403653091211533                                                365
3 579185310236403653091111513                                                365
3 583185310256403653091211663                                                365
3 672285311246402006401642121 8541246403659991511533                         365
1 626385311996409996401141111 85310803653053051142421 99999993656403601212121365
31102285312186402006401141113 99999993656409991112533                        365
1 3501853 7256409976401112521                                                997
3 3822853 8 46402006401141113 853 7289979973051112521                        997
2 3982853 8206409976401143221 99999999973656401212152                        997
1 3972853 8206409976401142221 99999996403657071732611                        997
1 3962853 8206409976401142221 99999996403656401732611                        997
3 4022853 8236409976401642121 99999996403656401732611                        997
3 4042853 8236409976401642121 99999996409979991112521                        997
3 4032853 8236409976401642121 99999996403657071732611                        997
1 3992853 8286409973051142421 99999996403659991212121                        997
2 4002853 8286409973051143121 99999999973656401212152                        997
3 4192853 9 46409996401141213 99999999973659991212142                        997
1 4202853 9 46409976401142121 99999996403656401612363                        997
1 608285311 16409976401142121 99999996403653091511533                        997
1 2992853 6 46409996401142121 99999996402206401732611                        999
1 3002853 6046409996401142121 99999996403656401732611                        999
1 3492853 7206409996401142421 99999996403656401732611                        999
1 3722853 7206409996401142421 99999996403653651212121                        999
2 3482853 7206409996401143121 99999993656403651212121                        999
2 4182853 9 46409996401143121 99999999973656401212152                        999
3 4792853 9266409996401142121 99999996409979991612521                        999
3 4802853 9266409996401142121 99999996403659991211533                        999
3 497285310 46409996401642121 99999996409979991112521                        999
3 498285310 46409996401642121 99999996403653091421133                        999
3 537285310 96409996401142111 85310256409993091533131                        999
2 536285310 96409996401143311 85310253653093091211521                        999
3 538285310 96409996401142111 85310256403659991523151                        999
3 539285310 96409996401142311 85310256403656401212213                        999
3 535285310 96409996401142311 85310256403653091211533                        999
3 553285310116409996401142321 99999996403659991211533                        999
1 554285310116409996401141111 99999996403659991112121                        999
2 552285310116409996401143321 99999993656409991112521                        999
3 625285311996409996401642121 99999996403659991511533                        999
1 731285312116409996401142121 99999996403659991611423                        999
1 751285312186402006401642121 99999999996406401112243                        999
1 753285312186402586401642121 99999999996406401112243                        999
1 752285312186402206401642121 99999999996406401112243                        999
1 785285312316409996401142421 99999996403659991612533                        999
21076385312316409996401143221 99999993656409991142121 99999993656406401632143999
2 784285312316409996401143421 99999993656403091211521                        999
9 787285312316409996401142121 99999996409996401112719                        999
2 786385312316409996401143221 99999993656409991142121 99999993656406401612243999
2 788385312316409996401143112 854 2113659999991141119 85312 59979973051112521999
1 744285312996402206401642421 99999999996406401211363                        999
3 414285399996409999991142121 99999996403656401632611                        999
2 9792854 3126409996401143121 99999999996409991112511                        999
9 9802854 3126409996401142121 99999996409996401112719                        999
1 9062854 2 99979993051142421 99999992203651871511313                        220
1 9052854 2 99979993051142421 99999992203651871511313                        220
2 4253853 9129976403051141112 853 9 73659993651141113 853 8209973656401212152365
1 4371853 9239973653051212121                                                365
3 4811853 9289973653051512121                                                365
2 717385312 59979993051141112 99999993659999991142121 99999993656406401612243365
3 735285312159976406401141113 85310233656403091211533                        365
1 9032854 2 99979993051142121 99999993656409991212121                        365
1 3511853 7259976406401112521                                                640
2 3752853 8 19976403051143421 99999996403657071732611                        640
2 3742853 8 19976403051143421 99999996403656401732611                        640
3 3603853 8 49976403051642121 99999996409976401143421 99999993656403651212121640
2 3622853 8 49976403051143121 99999996409973051112521                        640
3 3613853 8 49976403051642121 99999996409976401142421 99999996403656401732611640
2 3852853 8 99976406401143421 99999996403657071732611                        640
2 3832853 8 99976406401143121 99999996409976401112521                        640
2 3842853 8 99976406401143421 99999996403656401732611                        640
3 4013853 8289976403051141113 853 8286409973051143121 99999999973656401212152640
2 4262853 9129976403051143121 99999996409979991112521                        640
2 718385312 59979993051141112 99999996409999991142121 99999996403659991612533640
3 734285312159976406401141113 85310236403653091211533                        640
2 736385312159976406401143122 99999996409976401141219 99999996403659991112521640
1 8112854 1139976403051141111 99999996409996401112229                        640
1 8103854 1139976403051142121 99999996409996401142421 99999996403659991612533640
1 8093854 1139976403051142121 99999996409996401143421 99999993656403091211521640
1 8123854 1139976403051142121 99999996409996401142121 99999996409996401112719640
3 8602854 2 29973653051142121 99999996403659991112533                        640
3 8612854 2 29973653051142121 99999996403656401112373                        640
3 8622854 2 29973653051642121 99999996403656401132611                        640
310312854 3049973653051642121 99999996403657071732611                        640
310302854 3049973653051642121 99999996403656401132611                        640
1 3521853 7249979973051212121                                                997
1 3551853 7289979973051112521                                                997
3 4361853 9229979973051512121                                                997
1 585185310259979973051212121                                                997
1 716185312 59979973051112521                                                997
1 9001854 2 99979973051112521                                                997
1 711385312 59979993051142121 99999999973653651143121 99999993656409991112521999
2 709385312 59979993051142121 99999999976406401143122 99999996409976401192991999
2 9042854 2 99979993051143421 99999993656403091211521                        999
1 9012854 2 99979993051642121 99999999996409991132143                        999
3 9022854 2 99979993051142421 99999999973659991612521                        999
