2  362961 720  2220  21143121 99999992206169991212121                        220
3  882961 8 8  23993991141213 99999993996163991212111                        399
2  372961 720  2616  21143121 99999996162209991212121                        616
1  781961 8 3  2616  21112111                                                616
3  341961 7202202202201321143                                                220
3 129196110202203813811512161                                                381
3  632961 7262203992201141113 99999993992209991112993                        399
1 1622961 7282203999991142121 99999992206169991212121                        399
3  922961 8102203992201642111 961 8212203993991112111                        399
1  142961 7 52206152201642121 99999992206156151132173                        615
1   21931 2102206162201112111                                                616
2   42961 2102206162201642121 99999996162209991212142                        616
1  171961 7152206166161212111                                                616
3  191961 7182206166161512111                                                616
3  271961 7182206166161321143                                                616
3  421961 7192206166161111523                                                616
3  311961 7192206166161111663                                                616
3  411961 7202206166161111523                                                616
3  401961 7212206162201111523                                                616
1  482961 7212206163991142221 99999992206166161511533                        616
1  492961 7212206163991142221 99999992206169991212121                        616
2  502961 7212206163991143121 99999996162206161511533                        616
1  561961 7222206166161511533                                                616
1 1531961 7272206166161411653                                                616
3  731961 7312206162201112213                                                616
1  901961 8 82206166161411663                                                616
1  932961 8112206162201142121 99999992206166161211521                        616
1  941961 8142206166161111521                                                616
4  962961 8152206162201141114 961 8602206166161111523                        616
3  972961 8152206162201141113 961 8606162206161111523                        616
1  982961 8172206162201142121 99999992206169991212121                        616
3 1031961 8192206166161321143                                                616
1 1201961 9102206166161411663                                                616
1 1222961 9152206166161142121 99999992206169991112521                        616
1 1592961 9292206166161142121 99999992206166161211521                        616
1 1571961 9292206166161112521                                                616
1 123196110 12206166161211521                                                616
1 128296110192206162201142121 99999992206162201112991                        616
3 160296110202206166161642121 99999992206166161211521                        616
1 130196112 72206163251212121                                                616
3 132196112 92206163251512121                                                616
1 1342962 1 52206162201142111 962 1102206162201212121                        616
1 1361962 1162206162201212121                                                616
3 1381962 1202206162201512121                                                616
1 1412962 1272206162201142111 962 7 12206169991212121                        616
2 1402962 1272206162201143111 962 7 16162209991212121                        616
1 1432962 2242206166161142121 99999992206166161223141                        616
1 1441962 6282206166161223141                                                616
1 1631962 6302206166161411653                                                616
1 1461962 7182206162201212121                                                616
1 1471962 7202206166161212161                                                616
1 150296310 42206166161142111 96310152206166161211521                        616
1 151196310152206166161511653                                                616
1   71961 5202206172201212121                                                617
3   91961 6152206172201512121                                                617
1  381961 7202206172201212121                                                617
1  821961 8 23656163651212111                                                616
3  841961 8 43656163651512111                                                616
1  851961 8 43656166161123111                                                616
1  862961 8 53656163651142121 99999993656166161299991                        616
3 127296110133912203911141113 99999992206166161111673                        220
2  542961 7223992203991143121 99999992206166161511533                        220
2  552961 7223992203991143121 99999992206166161211521                        220
3  662961 7283992203991141113 99999992206166161111993                        220
2 1073961 8253992203991143121 99999992206169991142121 99999992206166161211521220
2  522961 7223996163991143121 99999996162206161511533                        616
2  532961 7223996163991143121 99999996162206161211521                        616
1  611961 7243996166161112111                                                616
1  651961 7283996163991112111                                                616
1 1051961 8213996163991112111                                                616
1  912961 8103999993991142111 961 8213996163991212111                        999
3  112961 6266156166161142421 99999996152204091711993                        616
1  121961 7 16156166161112111                                                616
1  771961 8 3616  2  21112111                                                  2
2   32961 2106162202201142121 99999996162209991212142                        220
1   11961 2106162202201112111                                                220
1  152961 7 86162206161142121 99999996162209991212121                        220
3 1541961 7116162206161423151                                                220
3  162961 7146162206161142121 99999996162206161711993                        220
1  181961 7156162206161212111                                                220
1  212961 7176162206161142121 99999996166159991212121                        220
3  242961 7176162206161142121 99999996162206161111523                        220
3  232961 7176162206161142221 99999996162206161199993                        220
2  222961 7176162206161143121 99999992206161611611523                        220
3  251961 7176162206161211433                                                220
3  261961 7176162206161111523                                                220
3  201961 7186162206161512111                                                220
3  301961 7196162206161111663                                                220
3  291961 7196162206161111523                                                220
3  291961 7196162206161111523                                                220
3  321961 7196162206161311433                                                220
3  281961 7196162206161311433                                                220
3  331961 7206162202201512161                                                220
3  472961 7216162203991642321 99999996162206161511533                        220
1  431961 7216162206161511433                                                220
3  442961 7216162203991141113 99999992206166161111523                        220
2  462961 7216162203991143121 99999992206166161211521                        220
1  571961 7226162206161511533                                                220
3  581961 7236162206161513991                                                220
3 1523961 7236162206161141213 99999992206169991642121 99999992206166161211521220
2  602961 7236162206161143121 99999992206166161211521                        220
3  681961 7306162206161311663                                                220
3  752961 8 26162206161141113 961 8502206166161111443                        220
1  802961 8 36162206161642221 99999996162203991212993                        220
2  793961 8 36162206161143121 99999992206169991142121 99999992206166161211521220
1  891961 8 86162206161411663                                                220
3  952961 8136162206601141113 961 8602206166161111523                        220
2 1002961 8186162206161143121 99999992206166161211521                        220
3  992961 8186162206161642321 99999996162209991212121                        220
3 1011961 8186162206161111523                                                220
3 1082961 8276162206161142321 99999996162206161111523                        220
2 1092961 8276162206161143121 99999992206166161211521                        220
1  591961 9 16162206161213991                                                220
3 1102961 9 56162206161141113 99999992206166161111523                        220
1 1552961 9 66162206161142121 99999996162209991112521                        220
1 1122961 9 86162206161142221 99999996162206161411663                        220
1 1132961 9 86162206161142121 99999992206166161799991                        220
1 1112961 9 86162206161142421 99999992206166161731121                        220
1 1211961 9106162206161411663                                                220
1 1562961 9156162206161142121 99999996162209991112521                        220
1 1581961 9296162206161112521                                                220
1 124196110 96162206161411663                                                220
3 125296110126162206161142321 99999996162206161111523                        220
2 126296110126162206161143121 99999992206166161211521                        220
1 161196110296162206161323151                                                220
1 131196112 76162203251212121                                                220
3 133196112 96162203251512121                                                220
1 1352962 1 56162202201142111 962 1106162202201212121                        220
1 1371962 1166162202201212121                                                220
3 1391962 1206162202201512121                                                220
1 1422962 1276162202201142111 962 7 16162209991212121                        220
1 1451962 7186162202201212121                                                220
1 1481962 7206162202201212161                                                220
2 1493962 8136169996161141212 99999992206169991142121 96399992206166161211521220
1  811961 8 26163653651212111                                                365
3  831961 8 46163653651512111                                                365
2  353961 7206163993991143121 99999993992209991143121 99999992206166161211521399
2  453961 7216163993991143121 99999993992209991143121 99999992206166161211521399
1  621961 7246163996161112111                                                399
2  642961 7266163993991143121 99999993996163991212111                        399
1 1061961 8216163993991112111                                                399
1  131961 7 16166156161112111                                                615
2   62961 2106166172201142121 99999996166179991212142                        617
1  691961 7286166886161212111                                                688
3  711961 7316166886161512111                                                688
1   81961 5206172202201212121                                                220
3  101961 6156172202201512121                                                220
1  391961 7206172202201212121                                                220
2   52961 2176176169991642121 99999996166179991212142                        616
1  512961 7226516166511142121 99999996516166161221141                        616
1  761961 8 26706166161123111                                                616
1  701961 7286886166161212111                                                616
1  672961 7296886166161142121 99999996886166161299991                        616
3  721961 7316886166161512111                                                616
2  742961 8 19983993991143121 99999993996163991212111                        399
2  872961 8 79983993991143121 99999993996163991212111                        399
3 1021961 8189992206161214213                                                220
1 1041961 8209992206161514213                                                220
