3 39019531029  22002001512121                                                200
1 439295311 9  2200  21141111 99999992009993469999999                        200
1 7261954 625  2200  21212121                                                200
3 7281954 628  2200  21512111                                                200
1 37839531027  2999  21141111 95310212209999992142121 99999992209989991212121220
1 47529531113  2999  21141211 99999992209989991212121                        220
2  722953 831  23253251143122 99999993253459999699993                        325
1  612953 831  2999  21141211 99999993253459991611533                        325
1 1022953 9 5  2325  21142121 9999999  23259992612533                        325
3 422295311 6  2999  21141113 95311993259973461114223                        325
1 47329531113  2999  21141211 99999993259989991212121                        325
1 50839531121  2325  21141111 95311213259993251142421 99999993253459992212121325
1 51039531121  2325  21141111 95311213259993251142421 99999993252209992212121325
1 50939531121  2325  21141111 95311213259993251142121 99999993259979992212121325
1 572395312 5  2999  21141111 95312 53253453251142121 99999993253453251511313325
3 6442954 130  2325  21141113 99999993253253251212719                        325
1 6842954 430  23253251142111 954 5 3  23259991112121                        325
1 6861954 5 3  23253251112121                                                325
1 7312954 7 1  29993251141211 99999993253459992112521                        325
1 7322954 7 9  2999  21141211 99999993253459992112521                        325
2 7442954 8 3  2999  21141212 99999993253459992112521                        325
1 7602954 912  2999  21141111 99999993253452002112121                        325
1 7672954 918  29993251141211 99999993253459992112521                        325
1 7711954 920  23253251212121                                                325
3 7751954 922  23253251512121                                                325
2 7802954 929  2999  21141212 99999993253459992112521                        325
1 783295410 4  23253251141111 99999993259999999912999                        325
1 821295410 5  2999  21141211 99999993253459999999991                        325
1 819295410 5  2325  21141111 95410 53253452002112521                        325
1 809295410 5  23252001142121 9999999  23253461223111                        325
1 823295410 6  2325  21141111 99999993253459991912999                        325
1 825295410 6  2325  21141111 95410 53253452002112521                        325
3 837195410 7  23253461211413                                                325
1  622953 831  2999  21141211 99999993453259991611533                        345
3 22139531011  2345  21642121 95310113459973451143121 99999999979999991642121345
3102729531013  2345  21141113 95310603459973451114223                        345
1 47429531113  2999  21141211 99999993459989991212121                        345
4 47939531114  29993252141114 99999993453259991143421 99999993259989991212121345
1 573395312 5  2999  21141111 95312 53453253451142121 99999993453253451511313345
1 6712954 326  2999  21141111 99999993459972001212121                        345
1 7222954 6 4  2999  21141111 99999993459972001912121                        345
1 7302954 7 1  29993251141211 99999993453259992112521                        345
1 7332954 7 9  2999  21141211 99999993453259992112521                        345
2 7432954 8 3  2999  21141212 99999993453259992112521                        345
1 7592954 912  2999  21141111 99999993453252002112121                        345
1 7611954 914  23453451212121                                                345
210533954 918  23453451143221 99999993453259991142121 99999999993253461332111345
2 9572954 918  23453451143221 99999993453252001112521                        345
1 7682954 918  29993251141211 99999993453259992112521                        345
3 7631954 918  23453451512121                                                345
1 7662954 918  23453451141111 954 999345  23451912121                        345
110522954 918  23453451142221 9999999  23453451323141                        345
1 9562954 918  23453451142221 9999999  23453451323141                        345
2 7792954 929  2999  21141212 99999993453259992112521                        345
1 820295410 5  2999  21141211 99999993453259999999991                        345
1 808295410 5  23452001142121 9999999  23453461223111                        345
1 818295410 5  2345  21141111 95410 53453252002112521                        345
1 822295410 6  2345  21141111 99999993453259991912999                        345
1 827295410 6  2345  21141211 9999999345  29999999991                        345
1 824295410 6  2345  21141111 95410 53453252002112521                        345
1 85719541018  2345  21112111                                                345
1 86419541024  23453451213111                                                345
3 87319541026  23453451513111                                                345
1 87629541026  23453451141111 9541080345  23451913111                        345
1 96229541099  23453451142121 9999999  23453451123111                        345
1 91729549999  23452001142221 9999999  23453451123111                        345
2 91839549999  23452001143221 9999999345  29991142121 9999999  23453451123111345
3 26539531015  2365  21141113 9531013365399  21143121 99999993999993461112719365
3 26439531015  2365  21141113 9531013365399  21143121 99999993999993461132151365
9 168395310 7  23253251142121 99999999973253251143999 99999999999999999999999997
1 24729531013  2999  21142121 99999999973253462132111                        997
2102839531014  2325  21141112 95310 8997999  21142121 99999999973253461132111997
1 37539531027  2999  21141111 95310219973253252143121 99999993259989991212121997
1 37639531027  2999  21141111 95310219973453452143121 99999993459989991212121997
1 37739531027  2999  21141111 95310219979999992142121 99999999979989991212121997
1 37339531027  2999  21141211 99999999979989991142221 99999999979993461711653997
1 37439531027  2999  21141211 99999999979989991143221 99999999979989991212121997
1 47229531113  2999  21141211 99999999979989991212121                        997
1 6702954 326  2999  21141111 99999999973452001212121                        997
1 7212954 6 4  2999  21141111 99999999973452001912121                        997
3  402953 830  2999  21142121 9999999  29993461711653                        999
1  412953 830  2999  21142121 9999999  23259992712991                        999
3 28219531016  29993461211413                                                999
1 32429531020  2999  21142121 9999999  23459992212121                        999
1 32329531020  2999  21142121 9999999  23259992212121                        999
1 32229531020  2999  21142121 9999999  22209992212121                        999
1 37119531026200  2  21212121                                                  2
3 39119531029200  22001512121                                                  2
1 7271954 625200  2  21212111                                                  2
3 7291954 628200  2  21512121                                                  2
3  713953 8312009992001141113 99999993259999991141213 99999993453253461132143325
1  701953 8312003252001112121                                                325
3 1363953 9142009992001141113 953 9143252003251143421 99999999999993462112719325
3 223395310112003252001141113 95310 93259993251142121 99999993259993461132143325
2 325295310202003252001143121 99999993253453251511313                        325
1 364395310242003252001141111 95310243253453451142221 99999993253453251511313325
1 366395310242003252001141111 95310243253453451143221 99999993453253451511353325
1 365395310242003252001141111 95310243253453451143221 99999993453253451511313325
1 384295310272009992001141211 99999993253459992111131                        325
3 423295311 62003252001141113 95311993259973461114223                        325
2 438295311 92003252001143121 99999993253253251112719                        325
3 436295311 92003252001141113 95311993259973461114223                        325
1 437295311 92003252001141111 99999992009993469999999                        325
4 471395311132009992001141114 95311113252002001141111 95311 63459973451143421325
1 539295311282009992001141211 99999993253459992212121                        325
3 854195410142003253461211413                                                325
310583953 9 62003452001141123 953 9 63459993451143121 99999999993453462132111345
3 1083953 9 62003452001141123 953 9 63459993451143121 99999999999993462132173345
3 207395310102003452001141113 95310103453253451141213 99999993253453461211523345
3 222395310112003452001141113 95310113453253461142221 99999993453253461211523345
21026295310142003452001141212 99999993459989991212121                        345
21023395310142003452001143121 99999993453659991641111 9999999365399  29999999345
2 326295310202003452001143121 99999993453259991511313                        345
1 538295311282009992001141211 99999993453259992212121                        345
3 7113954 5112003452001141113 954 5 83459993451143121 99999999993453469132111345
3 7103954 5112003452001141113 954 5 83459993451143121 99999999999993469132173345
3 7123954 5112003452001141113 954 5 83459993451143121 99999999993253469132111345
3 7133954 5112003452001141113 954 5 83459993451143121 99999999993453469123111345
3 7153954 5112003452001141113 954 5 83459993451143121 9999999399999  21141111345
3 7143954 5112003452001141113 954 5 83459993451143121 99999999979993461212152345
310402954 5252003452001142321 99999992003453451523141                        345
210422954 5252003452001143221 99999993453252002112521                        345
110412954 5252003452001142221 99999992003453451323141                        345
2 920395499992003452001143221 99999993452009991142121 99999992003453451123111345
1 919295499992003452001142221 99999992003453451123111                        345
2 435295311 92003462001143121 99999993259993469999991                        346
31025295310142003452001142121 99999999973253461612991                        997
1 327395310202009992001141111 95310 8997999  21142121 99999999979993461511653997
1 385395310282009992001141111 95310 8997999  21142121 99999999979993461511653997
1 386395310282009992001141111 95310 8997999  21142121 99999999973253461132111997
11371295310242009993462142121 99999992003253461511653                        999
2 383295310272009992001143121 99999993253459992112521                        999
2 382295310272009992001143121 99999993453259992112521                        999
3 7451954 8 62009993461111413                                                999
110133953 9112203453452141111 95399993253453251142121 99999993253459991611993325
1 294295310182209992002142121 99999993253459992112521                        325
2 344295310212203253252143121 99999993259989991212121                        325
1 389195310292203252201112121                                                325
1 395195310302203252201112121                                                325
9 537295311282203253252142122 99999992203459992212999                        325
2   22953 7162203452202143221 9999999345220  22212111                        345
1   42953 7162203452202142221 9999999220345  22212111                        345
2  483953 8312203453452143121 99999993452203451141211 99999993459999991199999345
2  583953 8312203253251141112 99999993459999991642121 99999993453253461132143345
1  901953 899220345  22212111                                                345
3 1401953 915220345  22512111                                                345
410173953 9252203453452141114 953 9213452203451141113 99999992209999992999999345
1 293295310182209992002142121 99999993453259992112521                        345
2 345295310212203453452143121 99999993459989991212121                        345
1 393195310262203452201112121                                                345
2 586295312 62203453452143221 99999993453259992212121                        345
1 588295312 62203453452142221 99999992209979992212121                        345
2 584295312 62203453452143221 99999993452209992212121                        345
1 587295312 62203453452142221 99999992203459992212121                        345
2 585295312 62203453452143221 99999993459979992212121                        345
1 589295312 62203453452142221 99999992203259992212121                        345
1  683953 8312209992201141111 953 8316973459992143122 99999993453259999699993697
1  653953 8312209992201141111 953 8319973259992143122 99999993253459999699993997
11024395310 82203253251141111 95310 8997999  21142121 99999999973253461132111997
1 277195310152209972001212121                                                997
1 284295310162209992002142421 99999999979993461511653                        997
3 305195310182209972001512121                                                997
2 898395310302203252201141212 99999999973459991143321 99999993459989991212121997
2 899395310302203252201141212 99999999973459991142221 99999999973253461632111997
1 554195312 4220997 511212121                                                997
3 577195312 8220997 511512121                                                997
1  663953 8312209992201141111 953 8312203259992143122 99999993253459999699993999
1  673953 8312209992201141111 953 8312203459992143122 99999993453259999699993999
1 346295310212209999992142121 99999992209989991212121                        999
3  942953 9 4325  23251141123 953 9 3  2  2  21212719                          2
2 8882953 923325  2  21143421 99999999973253461132111                          2
2 88939531099325  2  21143121 9999999  23459991642121 99999993453253461132143  2
1 900295311 3325  2  21142221 99999993259989991212121                          2
2 901295311 3325  2  21143221 99999999973253461132111                          2
1 6852954 430325  23251142111 954 5 3325  29991112121                          2
1 6871954 5 3325  23251112121                                                  2
110482954 830325  2  21142221 9999999325  29999912991                          2
210492954 830325  2  21143221 9999999  23459999912999                          2
1 7721954 920325  23251212121                                                  2
3 7761954 922325  23251512121                                                  2
1 849395410 9325  23251141111 95410 6  2325  21141111 95410 53253452002112521  2
1  691953 8313252002001112121                                                200
3 421195311 63252002001412161                                                200
3 426195311 73252003251114223                                                200
3 425195311 73252003251114213                                                200
3 428295311 83252003251141113 99999992009993469999999                        200
3 442395311 93252003251141113 95311992003252001141113 95311993259973461114223200
3 487295311173252003251141123 99999992009999999999999                        200
3 493395311183252003251141113 95311992003252001141113 95311993252003251192993200
3  132953 7183252203251141113 99999992209999999999999                        220
3   93953 7183252203251141113 953 7162203452202143221 9999999345220  22212111220
3  112953 7183252203251141113 99999992203259992699991                        220
2  172953 7213252203251143321 99999992203259992212131                        220
2  192953 7213252203251143321 99999992203459992699991                        220
1  232953 8223259993251642121 99999992203259992112533                        220
2 8813953 8293252203252143421 99999992203459992642121 99999993453253461132143220
2 8862953 8313252203251143121 99999992203253462132111                        220
1 8842953 8313252203251142121 99999993253459991611993                        220
1 1123953 9 93252203251141111 948 3992209999992142121 99999993253453461132143220
210113953 9 93252203251143121 99999992209999999141111 99999999993253461132111220
2 1342953 9143252203251143421 99999999999993462112719                        220
21035395310183252203251143221 99999992209979991142121 99999999973253461132111220
11036295310183252203251142221 99999993259989991212121                        220
1 388195310293252202201112121                                                220
1 394195310303252202201112121                                                220
1 504295311213252203251142421 99999993253459992212121                        220
1 502295311213252203251142421 99999993259979992212121                        220
1 503295311213252203251142421 99999993252209992212121                        220
2 613295312133252202201143121 99999992203459992912999                        220
1 407195311 43253253461114251                                                325
1 411195311 43253253461114251                                                325
2 413295311 53253253461143121 99999993259993469999991                        325
3 8821953 8293253453251211313                                                345
3  251953 8293253453251211333                                                345
3  262953 8293259973251141213 99999993453253461132143                        345
3  272953 8293252203251141213 99999993453253461132143                        345
1  792953 9 13253453251141111 99999993253453251211313                        345
4  932953 9 33253453251141114 953 8313253453451111523                        345
310573953 9 63253453251141123 953 9 63459993451143121 99999999993453462132111345
3 1073953 9 63253453251141123 953 9 63459993451143121 99999999999993462132173345
3 1093953 9 73253453251141113 953 9 63459993451143121 99999999999993462132173345
310593953 9 73253453251141113 953 9 63459993451143121 99999999993453462132111345
3 1153953 9 93259973251141113 953 9 63459993451143121 99999999999993462132173345
310603953 9 93259973251141113 953 9 63459993451143121 99999999993453462132111345
3 1163953 9 93252203251141113 953 9 63459993451143121 99999999999993462132173345
310613953 9 93252203251141113 953 9 63459993451143121 99999999993453462132111345
1 9831953 9133253453251511333                                                345
2 1352953 9143253453251143421 99999999999993462112719                        345
11164195310 53253452001112521                                                345
3 164395310 53253453251141113 95310 43453253451143221 99999993253459991212121345
3 165395310 63259993251141113 953 9283453253451642121 99999993259993251112232345
3 216295310113253453251142221 99999993253453461211533                        345
2 215295310113253453251143321 99999993453253461611523                        345
1 251295310143253453251142121 99999993253459991611993                        345
3 253195310143253453461114213                                                345
3 252295310143253453251142121 95310143253453461132143                        345
2 268295310153253453251143221 99999993453253461511653                        345
32001195310173253453251211353                                                345
3 287195310173253453251211333                                                345
2 303295310183253453251143221 99999993453253461511653                        345
3 340195310203253453251114213                                                345
3 349195310213253453251114213                                                345
2 361295310243253453251143221 99999993453253451511313                        345
1 360295310243253453251142221 99999993253453251511313                        345
2 362295310243253453251143221 99999993453253451511353                        345
2 380295310273253453251143221 99999993453253451511313                        345
1 379295310273253453251142221 99999993253453251511313                        345
3 409195311 43253453251114223                                                345
3 405195311 43253453461114213                                                345
1 570295311 53253453251142221 99999993253453251323151                        345
1 569195311 53253453251511353                                                345
2 448295311103253453251143221 99999993453253451511353                        345
2 447295311103253453251143221 99999993453253451511313                        345
1 446295311103253453251142321 99999993253453251723151                        345
4 976295311113253453451141114 95399993253453251423151                        345
1 458395311113252002001141111 95311 63459973451143421 99999999983459991212121345
4 478395311143259993252141114 99999993453259991143421 99999993259989991212121345
3 512395311213253453251141113 99999993453469991143121 95311999999993461114213345
3 534395311253253453251141113 99999993459999991142121 99999993453259992612521345
3 532395311253253453251141113 95311993459973451642121 99999993459973451112121345
3 533295311253253453251141113 99999993459999999999999                        345
4 535395311253253453251141114 95311233453253451141213 99999993259979991112121345
1 419295311293253453251141211 99999993453253451511313                        345
1 545295311293253453251141211 99999993253453251511313                        345
1 564195312 53253459991112521                                                345
1 575195312 53253453251411313                                                345
1 566295312 53253453251142121 99999993253453251511313                        345
2 571295312 53253453251143221 99999993453253451511313                        345
2 610295312103253453251143121 99999993459999999912999                        345
1 609295312103253453252142121 95312203253453251511313                        345
3 616395312133259993251141113 99999993459999991142121 99999993459989991612521345
3 619395312133259972201141113 95312 93453253451143221 99999993259989991212121345
3 621295312133259972201141113 99999993459999999999999                        345
1 625295312163253452201142221 99999993253459999999991                        345
2 626295312163253452201143221 99999993453259992112521                        345
1 633195312203253453251511313                                                345
1 9891954 2 23253453251511333                                                345
1 9222954 2183253453251141211 99999993253459999999991                        345
1 9212954 2183253453251142921 99999993253459992112521                        345
1 9232954 2183253453251141211 99999993453259999999991                        345
3 6661954 3233253453251114213                                                345
3 7092954 5113253453251141113 954 5 83453253451192993                        345
3 7083954 5113253453251141113 954 5 83453253451143221 99999993253459992112521345
3 7063954 5113253453251141113 954 5 73459993451143121 99999999993253469132111345
3 7053954 5113253453251141113 954 5 73459993451143121 99999999993453469132111345
3 7073954 5113253453251141113 954 5 73459993451143121 99999999993453469123111345
3 7043954 5113253453251141113 954 5 73459993451143121 99999999999993469132173345
210462954 7 73253452001143121 99999999993253461332111                        345
2 7342954 7 93259993251141212 99999993453259992112521                        345
1 9513954 7113259972001141111 954 5313459972001142421 99999993453253461212719345
1 9442954 7113259972001141111 954 5313459972001112521                        345
1 9523954 7113259972001141111 954 5313459972001142421 99999993253453461212719345
1 9463954 7113259972001141111 954 5313459972001142421 99999999999993461132173345
1 9493954 7113259972001141111 954 5313459972002142421 99999999979993461511653345
1 9483954 7113259972001141111 954 5313459972001142421 99999999993253461132111345
1 9473954 7113259972001141111 954 5313459972001142421 99999999993453461132111345
3 7362954 7123253453251142421 99999993253453461111553                        345
155001954 7143253452001212121                                                345
1 7402954 7203253452001142121 99999993253453451123241                        345
2 7422954 8 23259993251141212 99999993453259992112521                        345
2 7462954 8 63259993251141212 99999993453259992112521                        345
3 7523954 8993253452001642121 954 8993453252001143221 99999993253453462332111345
1 963295410 43253452001142121 99999993253453469999991                        345
1 966295410 43253452001142121 99999993253453461312161                        345
9 798295410 53253452002142221 99999993253453461212719                        345
1 791295410 53253452002142221 99999993253453461212111                        345
1 800295410 53253452002142221 99999993253453461412183                        345
3 961195410 53253452002512121                                                345
1 784195410 53253452002112521                                                345
1 802395410 53253452002142221 9999999325399  22143121 9999999399325  21192999345
1 796295410 53253452002142221 99999993253453461133111                        345
1 843295410 53253452002142221 95410993459973461212111                        345
1 811295410 53253453251141211 99999993453259999999991                        345
1 810295410 53253453251141211 99999993253459999999991                        345
1 970295410 83259993251141111 95410 53453252002112521                        345
1 862295410223253459992142121 99999993253459991112111                        345
1 877295411 43253453251142221 99999993253459999999991                        345
2 878295411 43253453251143221 99999993453259999999991                        345
3 249395310133259993251141113 95310123659973651141213 99999999973253251132111365
3 339195310203253653251114213                                                365
1 167295310 63259993251141211 99999993919993461212342                        391
3  212953 8223253963251141113 99999993963259991612131                        396
3  15299999993253969991142221 99999993253969991112533                        396
3   83953 7183259973251141113 953 7169973452202143221 9999999345997  22212111997
3  102953 7183259973251141113 99999999973259992699991                        997
3  122953 7183259973251141113 99999999979999999999999                        997
2  182953 7213259973251143321 99999999973459992699991                        997
2  162953 7213259973251143321 99999999973259992212131                        997
1  222953 8223259993251642121 99999999973259992112533                        997
2 8803953 8293259973252143421 99999999973459992642121 99999993453253461132143997
1 8832953 8313259973251142121 99999993253459991611993                        997
2 8852953 8313259973251143121 99999999973253462132111                        997
1 1113953 9 93259973251141111 948 3999979999992142121 99999993253453461132143997
2 1232953 9133259973251143322 99999999973259999999991                        997
2 1193953 9133259973251143121 99999999979999992642121 99999999999993462211533997
9 1222953 9133259973251142321 99999993253253251212719                        997
2 1332953 9143259973251143421 99999999999993462112719                        997
2 891395310 23259973251143221 99999999973253461142121 99999993253453461131143997
3 890295310 23259973251142321 99999993259982091612511                        997
1 175395310 83259973251141111 95310 8997999  21142121 99999999979993461511653997
1 176395310 83259973251141111 95310 8997999  21142121 99999999973253461132111997
1 188395310 93259973251141111 95310 8997999  21142121 99999999999993461511653997
1 189395310 93259973251141111 95310 8997999  21142121 99999999973253461132111997
1 211295310103259973251142121 99999999973253461132111                        997
2 258295310153259973251143321 99999999973253461132111                        997
3 259295310153259973251142321 99999993259999999999993                        997
2 267295310153259973251143221 99999999973253461112991                        997
1 266295310153259973251142221 99999993253459992212121                        997
3 281295310163259973251142321 99999993259999999999993                        997
2 280295310163259973251143321 99999999979993461511653                        997
9 286295310173259973251142321 99999993253253251112719                        997
2 285295310173259973251143321 99999999979993461511653                        997
21034295310183259973251143221 99999999973253461132111                        997
1 301295310183259973251142221 99999993259979992212121                        997
2 302295310183259973251143221 99999999973253461112991                        997
11033295310183259973251142221 99999993259989991212121                        997
11064295310183259973251142221 95310183259979992212121                        997
1 300295310183259973251142221 99999993253459992212121                        997
1 35539531023325999  21141111 9531023997325  21142121 99999999973253461132111997
1 35439531023325999  21141111 9531023997325  21142121 99999999979993461511653997
2 35729531023325997  21143221 99999999973253461112719                        997
3 902295311 3325  2  21141113 99999999973253461632111                        997
3 406195311 43259973461114213                                                997
3 412195311 43259973461114223                                                997
3 415195311 53259973461114223                                                997
3 424295311 63252002001141113 95311999973253461111719                        997
3 416195311 63259973251114213                                                997
3 427295311 7325  2  21141113 95311999973253461111719                        997
2 440295311 83259973251143121 99999999999993461212342                        997
3 429295311 83252003251141113 95311999973253461111719                        997
1 492295311183259993251642121 99999999973253461632111                        997
1 500295311213259973251142421 99999993252209992212121                        997
1 501295311213259973251142421 99999993253459992212121                        997
1 499295311213259973251142421 99999993259979992212121                        997
9 525295311233259973251142121 99999993253253251212719                        997
2 611295312103259973251143121 99999999973253461132111                        997
2 617295312133259972201143221 99999999973459991912999                        997
1 618395312133259972201142221 99999993259979991143121 99999999973253461132111997
2 614295312133259972201143121 99999999973459992912999                        997
1 615195312133259972201112121                                                997
2 622295312153259972201143121 99999999973459999912999                        997
110542954 1 43259973251142121 99999993253459992212121                        997
210562954 1 43259973251142121 99999999973459991212142                        997
210552954 1 43259973251142121 99999999973259991212142                        997
1 6412954 1263259993251142121 99999999973253461132111                        997
1 6642954 3223259973451142221 99999993259982092112511                        997
2 6632954 3223259973251143221 99999999979999999912999                        997
3 6651954 3233259973251114213                                                997
1 9503954 6113259972001141111 954 5319973452002142421 99999999979993461511653997
1 9452954 6113259972001141111 954 5319973452001112521                        997
1 844295410 53253452002142221 95410999973453461212111                        997
1 792295410 53253452002142221 99999999979993461511653                        997
1 166295310 63259993251141211 99999999989993461212342                        998
3   72953 7163259999991141113 99999999999999992612121                        999
1  202953 8193259993251142122 99999993253253469999991                        999
1  242953 8243259993251142122 99999993253253469999991                        999
4  562953 8313259993451141114 99999993253453451111523                        999
1 1142953 9 93259993251142121 99999993253459992112521                        999
2 1132953 9 93259993251143121 99999993453259992112521                        999
2 1202953 9133259993251143421 99999999999993462112719                        999
1 1602953 9293259993251142221 99999993253459992112521                        999
2 1612953 9293259993251143221 99999993453259992112521                        999
2 194295310 93259993251143421 99999999999993462112719                        999
3 193295310 93259993251142121 99999993253453461132143                        999
9 317295310193259993251142121 99999993253253251612719                        999
1 35929531023325999  21142121 99999993253453461611993                        999
1 35629531023325999  21142221 99999993259989991212121                        999
4 441395311 93259993251141114 99999993259973251143121 99999999979973461112719999
4 464395311133259993251141114 95311113252002001141111 95311 63259979991112121999
1 463395311133259993251141121 99999999999999991143421 99999999983259991212121999
1 489295311183259993251142121 99999993259979999999991                        999
2 488295311183259993251141212 99999999999999999112521                        999
1 490295311183259993251142121 99999993252209999999991                        999
1 491395311183259993251141111 99999993259993251143421 99999999999993462112719999
3 6402954 1263259993251142121 99999993253453461112253                        999
9 6492954 2263259993251142121 99999993259999999912999                        999
2 7352954 7 93259993251141212 99999993253459992112521                        999
2 7412954 8 23259993251141212 99999993253459992112521                        999
2 7472954 8 63259993251141212 99999993253459992112521                        999
2 7482954 8123259993251141112 99999999999982009612521                        999
1 7743954 9213259993251141211 99999993253459992112521 99999993453259992112521999
9 781295410 43259993251142121 99999993253253461611719                        999
9 782295410 43259993251142121 99999993253253461111719                        999
2 807295410 53259992002141112 9999999325399  22112999                        999
9 805295410 53259992001142421 99999993253253461111719                        999
1 789295410 53253452002142221 99999999993253461132111                        999
3 787295410 53253452002142221 99999999999993461132173                        999
1 969295410 83259993251141111 95410 53253452002112521                        999
3 851395410123259993251141113 95410 53253452001142221 99999999993453461132111999
1  982953 9 43459993451141111 953 9 3  2  2  21212719                          2
1 623395312153459993451141211 9999999  2999  21143991 99999993459989999912121  2
2 6482954 215345  23451143121 9999999  23453451321141                          2
1 6562954 311345  2  21141111 9999999  29999999999999                          2
1 7621954 914345  23451212121                                                  2
210512954 918345  23451143221 9999999  23453451323141                          2
3 7641954 918345  23451512121                                                  2
1 833295410 6345  23451141111 9999999  29999999999999                          2
1 835295410 6345  23451141111 954 970  23453451912121                          2
1 850395410 9345  23251141111 95410 6  2345  21141111 95410 53253452002112521  2
1 85819541018345  2  21112111                                                  2
1 86519541024345  23451213111                                                  2
1 86929541025345  23451141111 9999999  29999991923991                          2
3 87419541026345  23451513111                                                  2
1 298295310183452003451141111 99999992009999999999999                        200
1 834295410 63452003451141111 99999992009999999999999                        200
1   62953 7163452209992142121 9999999345220  22212111                        220
4  543953 8313452203451141114 99999993459999991142121 99999993453253461132143220
3  353953 8993452203451141113 99999992209999991142122 99999992203259992912991220
3  363953 8993452203451141113 99999992209999991142122 99999992203459992912993220
1  891953 899345220  22212111                                                220
3  842953 9 23452203451141113 99999992203259992999991                        220
210063953 9 43452203451143121 99999992203259992642121 99999993253453251911313220
110082953 9 53452203451142121 99999993453253451611313                        220
110103953 9 53452203451141111 953 9502203459992141111 99999993459999999999999220
110713953 9113452203451141111 953 9112203453252141211 99999993253453251192999220
3 1252953 9133459993451141113 99999992203459992999993                        220
2 1272953 9133452203451143122 99999992203453462699993                        220
3 1391953 915345220  22512111                                                220
310152953 9213452203451141113 99999992209999992999999                        220
3 1422953 9213452203451141113 99999992203259992999991                        220
2 1502953 9253452203451143221 99999992203459992212121                        220
1 1512953 9253452203451142221 99999993452203452212121                        220
3 1472953 9253452203451141113 99999992203259992999991                        220
3 170395310 73459993451141113 99999992209999992142121 99999992209993462132173220
2 243395310133452203451143121 99999992209999992642121 99999992203259992132111220
21022295310133452203451143121 99999992203259991912999                        220
21020295310133452203451143121 99999992203259991212142                        220
21018295310133452203451143121 99999992203459991212142                        220
21019295310133452203451143121 99999992209979991212142                        220
21021295310133452203451143121 99999992209979991912999                        220
21032395310183452203451143221 99999992209999992642121 95310 89973253461132111220
11031295310183452203451142221 99999993459989991212121                        220
1 994295310193452203451142222 99999993452209999912991                        220
2 995295310193452203451143221 99999992203459992112521                        220
1 392195310263452202201112121                                                220
2 979295311 63452203451143221 99999992209989991212121                        220
3 433295311 83452203451141113 99999992203459992912993                        220
3 431395311 83452203451141113 99999992209999992142121 99999992209989991212121220
3 456395311113452203451142321 99999993459999991141113 99999999973253252132111220
2 453295311113452203451143311 95311992203459992192999                        220
2 454295311113452203451143311 95311992203259992192999                        220
2 974295311243452203451143121 99999992203459992112991                        220
2 547295311293452203451143122 99999992203259992699991                        220
2 549295311293452203451143121 99999992203259992912999                        220
2 603295312 93452203451143221 99999992203459992999991                        220
1 600295312 93452203451142221 99999993459979992212121                        220
3 595395312 93452203451642121 95312 62203453452143221 99999993453259992212121220
1 601295312 93452203451142221 99999993452209992212121                        220
3 593395312 93452203451642121 95312 62203453452143221 99999993452209992212121220
3 594395312 93452203451642121 95312 62203453452143221 99999993459979992212121220
2 605295312 93452203451143221 99999992209989991212121                        220
1 602295312 93452203451142221 99999993453259992212121                        220
910012953 8283453253451142221 99999993453253451212719                        325
210022953 8283453253451143321 99999993253459999699993                        325
3  292953 8303453253451141113 953 8293253453251211333                        325
3  382953 8303453253451141113 99999993253453461212233                        325
4  303953 8303453253451141114 99999993453253451142121 99999993453253461132143325
3  512953 8313452203451141113 99999993253453251999993                        325
3  492953 8313459973451141113 99999993253453251999993                        325
3  522953 8313452203451141113 99999993253453461999993                        325
3  462953 8313459993451141113 99999993253453451111523                        325
3  502953 8313459973451141113 99999993253453461999993                        325
3  323953 8993459993451141113 99999993259999991142121 99999993259999991111553325
3  281953 8993453253451111313                                                325
3  552953 8993459993451141113 99999993259999999912999                        325
3  313953 8993459993451141113 953 8243259993251142122 99999993253253469999991325
3  373953 8993459993451141113 99999993253453251142121 99999993253453461132143325
3  772953 9 13459993451141113 99999993253453462999993                        325
3  782953 9 13453253251141113 99999993253453251211313                        325
1  733953 9 13453253251142221 99999993453999991143121 99999993993993991212121325
2  742953 9 13453253251143321 99999993253453251511313                        325
3  862953 9 23459993451141113 99999993253453451111523                        325
210042953 9 23453253451143321 99999993253453251511313                        325
3  822953 9 23459993451642221 99999993253459992112521                        325
310032953 9 23453253451142221 99999993453253451211313                        325
3  852953 9 23453253251141113 953 8313253453451111523                        325
3  922953 9 33453253251141113 953 8313253453451111523                        325
3  962953 9 43453253451142321 99999993453253451211313                        325
3  952953 9 43453253251141113 99999993253453251211313                        325
2  972953 9 43453253451143321 99999993253453251511313                        325
1 1002953 9 43459993451141211 99999993253459992112521                        325
3 1013953 9 43453253451141113 953 9 13253453251141111 99999993253453251211313325
3 8873953 9 63453253451141113 99999993253453251142121 99999993253453461132143325
3 1172953 9103459993451141113 99999993253453251211313                        325
3 1182953 9123453253451141113 99999993253453451111443                        325
3 1293953 9133459993451141113 99999993253453251142121 99999993253453461132143325
3 1533953 9283453253451642121 953 9133259993251143421 99999999999993462112719325
2 1552953 9283453253451143221 99999993259993462212719                        325
2 1572953 9283453253451143121 99999999973253461612991                        325
2 162295310 43453253451143221 99999993253459991212121                        325
1 163295310 43453253451142221 99999993453259991212121                        325
3 174195310 83453253451114223                                                325
3 196195310 93453253461114213                                                325
3 191195310 93453253451114213                                                325
2 199295310103453253451143321 99999993253453461611523                        325
3 200295310103453253451142221 99999993453259999999993                        325
3 203195310103453253461312183                                                325
3 209195310103453253451114213                                                325
3 210395310103453253451141113 95310 93259993251142121 99999993259993461132143325
3 197195310103453253461211313                                                325
3 198295310103453253451141213 99999993253453461211523                        325
2 212295310113453253461143321 99999993253453461611523                        325
3 214195310113453253451211333                                                325
3 219195310113453253451114213                                                325
3 213295310113453253461142221 99999993453253461111523                        325
3 234195310123453253451114213                                                325
2 231295310123453253461143321 99999993253453461611523                        325
3 232295310123453253461142221 99999993453253461111523                        325
3 23729531012345399  21141113 99999993253453251311313                        325
3 236295310123453253451141113 99999993253453251311313                        325
2 228295310123453253451143221 99999993253459992212121                        325
1 230295310123453253451142221 99999993453259992212121                        325
3 241195310133453253451114213                                                325
3 254195310143453253461114213                                                325
3 274295310153459973461141113 99999993253453461114213                        325
3 270395310153453253451141113 95310153253453251143221 99999993453253461511653325
3 269395310153453253451141113 95310153259973251143221 99999999973253461112991325
3 278195310163453253461311313                                                325
3 279295310163453253251141113 99999993253453251311313                        325
3 290295310173453253251141113 95310123253453451111443                        325
3 288195310173453253451211353                                                325
3 289295310173453253251141113 95310 33253453451111523                        325
3 299395310183453253451141113 99999993259973251142321 99999993253253251112719325
3 296295310183453253451142221 99999993453253461111523                        325
2 297295310183453253451143321 99999993253453461611523                        325
2 991295310193453253451143221 99999993253459992112521                        325
1 306295310193453253451142222 99999993453259999912991                        325
31067295310223453253451142221 99999993453253461111523                        325
2 351295310223453253451143321 99999993253453461611523                        325
2 363295310243453253451143121 99999993253453251511313                        325
3 368395310253453253451141113 95310243253453251143221 99999993453253451511313325
3 402295311 33453253251141113 99999993253453251423151                        325
3 403395311 43453253451141113 99999993259999991642121 99999993259989991212121325
3 408195311 43453253451114223                                                325
1 568195311 53453253451511353                                                325
3 418395311 63453253451141113 99999993253253251143121 95311993259973461114213325
2 980295311 63453253451143221 99999993259989991212121                        325
3 445295311103453253451141113 99999993253453251423151                        325
2 443295311103453253451143321 99999993253459992112521                        325
1 444295311103453253451142321 99999993453259991611993                        325
3 977395311113453253451141113 95311113253453451141114 95399993253453251423151325
3 457395311113459993451141113 99999993259993251143421 99999999999993462112719325
3 462295311123459993451141113 99999993259999999999993                        325
3 461295311123459993451141113 99999993259999999999999                        325
1 483295311153453253451142422 99999993453259999999991                        325
3 498295311203453253451141113 95311133253453451111443                        325
3 496395311203453253451141113 99999993259993251642121 99999993259989991212121325
3 497295311203453253451141113 95311993253453451111443                        325
3 505395311213453253451141113 95311213259993251142421 99999993253459992212121325
3 506395311213453253451141113 95311213259993251142421 99999993259979992212121325
3 507395311213453253451141113 95311213259993251142421 99999993252209992212121325
3 527395311233453253451141113 95311213259993251142421 99999993252209992212121325
3 528395311233453253451141113 95311213259993251142421 99999993253459992212121325
3 526395311233453253451141113 95311213259993251142421 99999993259979992212121325
2 975295311243453253451143121 99999993253459992112991                        325
1 540295311293453253451142221 99999993453253451511313                        325
2 541295311293453253451143221 99999993253453251511313                        325
1 552195312 23453253451412183                                                325
1 574195312 53453253461411313                                                325
1 567295312 53453253451142121 99999993453253451511313                        325
1 565195312 53453259991112521                                                325
2 606295312 93453253451143221 99999993259989991212121                        325
1 608295312103453253452142121 95312203453253451511313                        325
1 632195312203453253461511313                                                325
3 6422954 1283459993451141113 99999993259999999999999                        325
1 9901954 2 23453253451511333                                                325
1 6502954 3 23453253451141111 99999993259999999999999                        325
1 6512954 3 23453253451141211 99999993453259999999991                        325
3 6593954 3123453253451141113 99999993259979991141111 99999999973259992132111325
1 6612954 3123453253451141211 99999993453259992112521                        325
3 6603954 3123453253451141113 99999993259979991141111 99999992203259992132111325
1 6622954 3123453253451141211 99999993253459992112521                        325
1 6692954 3233453253451141111 99999993259999999999999                        325
1 6682954 3233453253451141211 99999993253459992112521                        325
1 6672954 3233453253451141211 99999993453259992112521                        325
1 6772954 413345999  21141211 99999993253459992112521                        325
3 6802954 4223459993451141113 99999993259999999999999                        325
2 6832954 4253453252001143121 99999999999993462132173                        325
1 9962954 5 73453253451142221 99999993453252002112521                        325
2 6932954 5 73453253451143221 99999999993453469132111                        325
2 6922954 5 73453253451143221 99999999999993469132173                        325
2 6952954 5 73453253451143221 99999999993453469123111                        325
1 6912954 5 73459993451141211 99999993253459992112521                        325
2 6942954 5 73453253451143221 99999999993253469132111                        325
1 9972954 5 83453253451142221 99999993453252002112521                        325
2 7033954 5 83453253451143221 9999999399999  21141111 99999999999993469132173325
2 7022954 5 83453253451143221 99999999979993461212152                        325
2 6992954 5 83453253451143221 99999999993453469132111                        325
1 6973954 5 83453253451142221 99999993459989991143121 99999999983259991112511325
2 7002954 5 83453253451143221 99999999993253469132111                        325
2 6982954 5 83453253451143221 99999999999993469132173                        325
2 6962954 5 83453253451143221 99999993253459992112521                        325
2 7012954 5 83453253451143221 99999999993453469123111                        325
1 7163954 5133459973451142221 99999993259993251142121 99999993259993461132143325
1 9322954 5313459972001142421 99999993253453461133111                        325
9 9332954 5313459972001142421 99999993253453461212719                        325
1 9541954 7143453252001212121                                                325
2 7492954 8993453252001143221 99999993253453462332111                        325
1 7502954 8993453252001142221 99999993453252002112521                        325
1 7702954 9193459993451141211 99999993253459992112521                        325
1 964295410 43453252001142121 99999993453253469999991                        325
1 965295410 43453252001142121 99999993453253461312161                        325
1 785195410 53453252002112521                                                325
9 797295410 53453252002142221 99999993453253461212719                        325
2 817295410 53459993451141112 95410 53253452002112521                        325
1 812295410 53453252001141211 99999993453259999999991                        325
3 960195410 53453252002512121                                                325
1 815295410 5345399  21141111 95410 53253452002112521                        325
1 841295410 53453252002142221 95410993459973461212111                        325
1 799295410 53453252002142221 99999993453253461412183                        325
1 790295410 53453252002142221 99999993453253461212111                        325
1 813295410 53453252001141211 99999993253459999999991                        325
1 795295410 53453252002142221 99999993253453461133111                        325
1 801395410 53453252002142221 9999999345399  22143121 9999999399345  21192999325
11802195410 53453252002112521                                                325
3 829295410 63459993451141113 95410 53253452002112521                        325
1 830295410 63453253451141111 99999993259999999999999                        325
1 832295410 63453253451141211 99999993253459999999991                        325
1 831295410 63453253451141211 99999993453259999999991                        325
9 836295410 63453253451142121 99999993453253469999999                        325
1 838295410 73453253451141111 99999993253459999999991                        325
1 839295410 73453253451141111 99999993453259999999991                        325
3 840295410 73453253451141113 99999993259999999999999                        325
1 848295410 83453253451141211 99999993253459999323991                        325
1 847295410 83453253451141211 99999993453259999323991                        325
1 856295410163453253451141211 99999993253459991112111                        325
1 855295410163453253451141211 99999993453259991112111                        325
1 861295410223453259992142121 99999993453259991112111                        325
9 863195410233453253461112719                                                325
1 868295410253459993451141111 95410 53253452002112521                        325
1 968295410253459993451141111 95410 53253452002112521                        325
2 205295310103453453451143221 99999993453253451714213                        345
2 204295310103453453451143221 99999993459973451714213                        345
3 1432953 9223459973451141113 99999993653459999999993                        365
3 1442953 9223452203451141113 99999993653453459999993                        365
3 24839531013345999  21141113 9531013365399  21143121 9999999399399  21212121365
3 271395310153453653451141113 95310123659973651141213 99999999973253251132111365
3 311295310193459993451141113 99999993659999999999999                        365
3 6452954 2 63453653451141113 99999993653453459999993                        365
3 6722954 3303459993451141113 99999993653459999999993                        365
1 866295410253453653451141111 99999993659999999912991                        365
3 404295311 43453963451141113 99999993969999999999999                        396
3 410295311 43453963451141113 99999993969999999999999                        396
3 312295310193459993451141213 9999999399399  21212121                        399
2 516295311213453993451143322 9999999399399  29999999                        399
3 517295311213453993451142221 99999993459989991612121                        399
1 814295410 5345399  21141111 95410 53453252002112521                        399
1   52953 7163459979992142121 9999999345997  22212111                        997
3  392953 8303459973451141113 99999999973253469999991                        997
4  533953 8313459973451141114 99999993459999991142121 99999993453253461132143997
3  343953 8993459973451141113 99999999979999991142122 99999999973459992912993997
3  333953 8993459973451141113 99999999979999991142122 99999999973259992912991997
1  871953 899345997  22212111                                                997
3  762953 9 13459993451141113 99999999973453462999993                        997
3  832953 9 23459973451141113 99999999973259992999991                        997
210053953 9 43459973451143121 99999999973259992642121 99999993253453251911313997
110093953 9 53459973451141111 953 9509973459992141111 99999993459999999999999997
110072953 9 53459973451142121 99999993453253451611313                        997
110703953 9113459973451141111 953 9119973453252141111 99999993253453251142121997
3 1242953 9133459993451141113 99999999973459992999993                        997
2 1262953 9133459973451143122 99999999973453462699993                        997
3 1371953 915345997  22512111                                                997
3 1412953 9213459973451141113 99999999973259992999991                        997
310142953 9213459973451141113 99999999979999992999999                        997
1 1492953 9253459973451142221 99999993459979992212121                        997
3 1462953 9253459973451141113 99999999973259992999991                        997
2 1482953 9253459973451143221 99999999973459992212121                        997
3 169395310 73459993451141113 99999999979999992142121 99999999979993462132173997
3 177395310 83459973451141113 95310 8997999  21142121 99999999979993461511653997
3 178395310 83459973451141113 95310 8997999  21142121 99999999973253461132111997
3 173195310 83459973451114223                                                997
3 179395310 83459973451142121 99999993459979991141113 95310 8997999  21192999997
9 180295310 83459973451142121 9999999345399  21212999                        997
3 185295310 93459973451142221 99999993453259991399993                        997
3 190195310 93459973451114213                                                997
3 182295310 93459973451141113 95310 8997999  21112533                        997
3 195195310 93459973461114213                                                997
2 187295310 93459973451143321 99999999973259991632111                        997
31063395310 93452002001141113 95310 8997999  21142121 99999999973253461132111997
3 183395310 9345  2  21141113 95310 8997999  21142121 99999999979993461511653997
2 181295310 93459973451143121 99999999973253461632111                        997
3 184395310 9345  2  21141113 95310 8997999  21142121 99999999973253461132111997
31062395310 93452002001141113 95310 8997999  21142121 99999999979993461511653997
2 186295310 93459973451143321 99999999979993461711653                        997
1 206295310103453453451142221 99999993459979992112521                        997
3 202295310103459973451142221 99999993459979999999993                        997
3 208195310103459973451114213                                                997
2 201295310103459973451143221 99999999979993462132173                        997
2 220395310113459973451143121 99999999979999991642121 99999999973253461132111997
3 218195310113459973451114213                                                997
1 229295310123459973451142221 99999993459979992212121                        997
3 233195310123459973451114223                                                997
2 227295310123459973451143221 99999999973459992212121                        997
2 238395310133459973451143221 99999999973259991642121 99999993253453461132143997
1 239295310133459973451142221 99999993453259992112521                        997
3 240195310133459973451114213                                                997
2 242395310133459973451143121 99999999979999992642121 99999999973253252132111997
3 275295310153459973461141113 99999999973453461112719                        997
21030395310183459973451143221 99999999979999992642121 99999999973253461132111997
1 295295310183459973451142121 99999993459973461611523                        997
11029295310183459973451142221 99999993459989991212121                        997
3 313395310193459993451141113 95310 8997999  21142121 99999999979993461511653997
3 314395310193459993451141113 95310 8997999  21142121 99999999973253461132111997
2 316295310193459973451143322 99999999973253461611991                        997
1 992295310193459973451142222 99999993459979999912991                        997
2 993295310193459973451143221 99999999973459992112521                        997
3 315295310193459973451142222 99999993459979999699991                        997
2 352295310223459973451143321 99999999973253461612719                        997
3 350295310223459973451142221 99999993453253461111523                        997
3 369295310253459973451141113 99999999979999999999999                        997
2 978295311 63459973451143221 99999999979989991212121                        997
3 432295311 83459973451141113 99999999973459992912993                        997
3 430395311 83459973451141113 99999999979999992142121 99999999979989991212121997
3 455395311113459973451142321 99999993459999991141113 99999999973253252132111997
2 451295311113459973451143311 95311999973459992192999                        997
2 452295311113459973451143311 95311999973259992192999                        997
3 484295311153459973451141213 99999999973253461132111                        997
3 486295311163459973451141213 99999999973253461132111                        997
3 514395311213459973451141113 99999999973459992642121 99999999973459991192991997
3 530395311243459973451141113 95311139973453451143421 99999993452209992212121997
3 529395311243459973451141113 95311139973453451143421 99999993459979992212121997
3 531395311243459973451141113 95311139973453451143421 99999993453259992212121997
2 973295311243459973451143121 99999999973459992112991                        997
2 542295311293459973451143121 99999999979993469999999                        997
2 546295311293459973451143122 99999999973259992699991                        997
2 548295311293459973451143121 99999999973259992912999                        997
1 597295312 93459973451142221 99999993452209992212121                        997
1 596295312 93459973451142221 99999993459979992212121                        997
2 599295312 93459973451143221 99999999973459992999991                        997
3 590395312 93459973451642121 95312 69973453452143221 99999993459979992212121997
3 591395312 93459973451642121 95312 69973453452143221 99999993452209992212121997
1 598295312 93459973451142221 99999993453259992212121                        997
3 592395312 93459973451642121 95312 69973453452143221 99999993453259992212121997
2 604295312 93459973451143221 99999999979989991212121                        997
1 630295312173459973451142221 99999993459989991212121                        997
2 631295312173459973451143221 99999999973453461112719                        997
3 905395399993459973451642121 95311139973459991143421 99999993459979992212121997
3 906395399993459973451642121 95311139973459991143421 99999993452209992212121997
3 907395399993459973451642121 95311139973459991143421 99999993453259992212121997
110372954 1123459973451142121 99999993453259992212121                        997
210392954 1123459973451142121 99999999973259991212142                        997
210382954 1123459973451142121 99999999973459991212142                        997
3 6582954 311345999  21141113 95310 89973253461132111                        997
3 6732954 3303459993451141113 99999999973459999999993                        997
2 7172954 5133459973451143221 99999999979999991112362                        997
1 9412954 5313459972001142421 99999993453259991113111                        997
9 9342954 5313459972001142421 99999993453253461212719                        997
1 9402954 5313459972001142421 99999993453259991212991                        997
1 9261954 5313459972001112521                                                997
1 9353954 5313459972001142421 9999999345399  22143121 9999999399345  21192999997
1 9312954 5313459972002142421 99999999979993461511653                        997
1 842295410 53453252002142221 95410999973453461212111                        997
1 793295410 53453252002142221 99999999979993461511653                        997
1 845195410 83459973461212111                                                997
3 1542953 9283453253451642121 99999999989999991212121                        998
3 879295312113459993451141113 99999999989989999912993                        998
3  432953 8313459993451142121 99999993453253461132143                        999
3  453953 8313459993451142121 953 9 13453253251141113 99999993253453251211313999
1  442953 8313459993451142121 99999993453253461611553                        999
3  422953 8313459993451142121 99999993459993461112533                        999
1  753953 9 13459993451142421 99999993453999991143121 99999993993253251112152999
3  802953 9 23459993451142221 99999993453259999611131                        999
3  812953 9 23459993451142221 99999993453259999699991                        999
1  992953 9 43459993451141211 99999993453259992112521                        999
2 1052953 9 63459993451143121 99999999999993462132173                        999
2 1062953 9 63459993451143121 99999999993453462132111                        999
1 1103953 9 73459993451142121 99999993453999991143121 9999999399399  21212121999
9 1282953 9133453253451642421 99999999999993462112719                        999
1 1302953 9133459993451142121 99999993453253451611313                        999
9 1562953 9283453253451142221 99999999999993462112719                        999
1 192395310 93459993451142121 99999993453919991143121 99999993919979999999999999
3 309295310193459993451642421 99999993452209992212121                        999
3 308295310193459993451642421 99999993459979992212121                        999
3 307295310193459993451642421 99999993453259992212121                        999
2106629531021345999  21143121 99999999993253461132111                        999
2106529531021345999  21143121 99999999993453461132111                        999
1 34729531021345999  21142421 99999993459989991212121                        999
2 34829531021345999  21143121 99999999999993462132173                        999
1 358295310233459993451142121 99999993453259991112991                        999
1 36729531024345999  21142421 99999993459989991212121                        999
2 372295310263459993451143121 99999993459989992212121                        999
2 381295310273459993451141212 99999993459989991212121                        999
1 38729531029345999  21141211 99999993459989991212121                        999
2 396295310313459993451141212 99999993459989991212121                        999
1 397295311 13459993451142421 99999993459989991212121                        999
1 981295311 63459993451142221 99999993459989991212121                        999
1 450295311103459993451141111 99999993459999999911999                        999
1 477295311113459993451141211 99999999999993469912719                        999
3 420295311133459993451642121 99999993453659991112511                        999
1 476395311143459993451142121 99999993459999991143121 99999999999993462112719999
3 485295311153459993451141113 99999999993453469999993                        999
2 481295311153459993451143121 99999999993253461132111                        999
2 480295311153459993451143121 99999999999993461132173                        999
2 482295311153459993451143121 99999999993453461132111                        999
11068295311153459993451142121 99999993453253461611523                        999
3 513295311213459993451141213 99999993459989991212121                        999
1 515295311213459993451142421 99999993459989991212121                        999
1 543295311293459993451642121 99999993453253461132143                        999
1 550295311293459993451142121 99999993459979999999991                        999
1 544295311293459993451142121 99999993453259992112521                        999
1 551295311293459993451142121 99999993452209999999991                        999
1 607295312 93459993451142221 99999993459989991212121                        999
2 612295312113459993451143121 99999999999993462132173                        999
1 624395312153459993451142421 99999993453259991143121 99999993253459991212121999
1 634295312213459993451141111 95312203453253451511313                        999
2 635295312223459993451141212 99999993459999999912533                        999
4 636395312263459993451141114 99999993459999991142121 99999993453659991112511999
4 6372954 1 93459993451141114 99999993453659991112521                        999
3 6432954 1283459993451142121 99999993453259999612991                        999
3 6522954 3 43459993451142121 95599999993453452529141                        999
1 6552954 311345999  21142121 99999993453259999999991                        999
1 6542954 311345999  21142121 99999993459999999912991                        999
2 6572954 311345999  21143121 99999999993453469132111                        999
1 6532954 311345999  21141211 99999993459989991112521                        999
1 6762954 413345999  21141211 99999993453259992112521                        999
3 6812954 4223459993451142121 99999993453259991612991                        999
3 6823954 4223459993451141113 99999999993459999141113 99999993459999991612521999
2 6882954 5 73459993451141112 99999999999999999199999                        999
1 6892954 5 73459993451141111 99999993459999999999999                        999
1 6902954 5 73459993451141211 99999993453259992112521                        999
1 9282954 5313459972001142421 99999999993453461132111                        999
1 9292954 5313459972001142421 99999999993253461132111                        999
3 9272954 5313459972001142421 99999999999993461132173                        999
3 7193954 6 33453253451141113 99999999993459999141219 99999993453253251111523999
310472954 7 73453252001642121 99999999993253461332111                        999
4 7373954 7163459993451141114 99999993459999991143991 99999999999993469132151999
110502954 918345  23451142221 99999999993253461332111                        999
1 7692954 9193459993451141211 99999993453259992112521                        999
3 786295410 53453252002142221 99999999999993461132173                        999
1 788295410 53453252002142221 99999999993453461132111                        999
2 816295410 53459993451141112 95410 53453252002112521                        999
3 828295410 63459993451141113 95410 53453252002112521                        999
1 967295410253459993451141111 95410 53453252002112521                        999
1 867295410253459993451141111 95410 53453252002112521                        999
3 33539531020365399  21141113 99999992209999992142121 99999992209999992112533220
3 32929531020365399  21141213 99999992209989991212121                        220
3 401295311 2365220  21141113 99999992209999999999999                        220
3 98229531015365999  21642321 99999993253459992112521                        325
3 33639531020365399  21141113 99999993259999992142121 99999993259999992112533325
3 33029531020365399  21141213 99999993259989991212121                        325
1 85329541013365999  21141111 95410 53253452002112521                        325
3 25529531015365999  21642321 99999993453259992112521                        345
3 33129531020365399  21141213 99999993459989991212121                        345
3 33739531020365399  21141113 99999993459999992142121 99999993459999992112533345
1 85229541013365999  21141111 95410 53453252002112521                        345
1 859295410183653453651141111 99999993459999999999999                        345
2 24429531013365399  21143121 9999999399399  21212121                        399
2 24629531013365399  21143121 99999993999993461112719                        399
2 24529531013365399  21143121 99999993999993461132151                        399
2 26029531015365399  21141212 99999993659999991912999                        399
2 26129531015365399  21143421 99999999989989991612521                        399
2 25729531015365399  21141112 99999993999999991912999                        399
2 33829531020365399  21143121 99999993999993461112719                        399
3 52129531123365220  21141113 9531122399399  21612121                        399
3 52029531123365997  21141113 9531122399399  21612121                        399
3 226295310123659973651141113 99999999979999999999999                        997
3 224395310123659973651141113 95310 8997999  21142121 99999999973253461132111997
3 225295310123659973651141113 99999999979999991112533                        997
3 33439531020365399  21141113 99999999979999992142121 99999999979999992112533997
3 32829531020365399  21141213 99999999979989991212121                        997
3 400295311 2365997  21141113 99999999979999999999999                        997
3 52239531123365997  21141113 95310 8997999  21142121 99999999973253461132111997
3 52329531123365997  21141113 95310 8997999  21112533                        997
3 33229531020365999  21642321 99999999989989992112521                        998
2 25639531015365999  21143321 99999999993659991143121 99999993659989992212121999
2 33339531020365999  21143321 99999999993659991143121 99999993659989992212121999
3 31919531020399399  21142121 9539999399399  22612121                        399
1 32029531020399399  21142121 95311 2399399  21212121                        399
1 51929531122399399  21142121 95312 8399399  21212121                        399
3 62019531213399399  21142121 9539999399399  22612121                        399
2 414295311 5399997  21143121 99999999979993461112719                        997
1 399295311 2399999  21142121 9531123399399  21212121                        999
3 398295311 2399999  21142121 9999999399399  21612121                        999
2 9531954 7143253452001212121                                               534
1 276195310159972202001212121                                                220
1 44929531110997220  21142121 95312 4997220 511212121                        220
1 562295312 4997999 511141211 99999992209989991212121                        220
1 553195312 4997220 511212121                                                220
3 576195312 8997220 511512121                                                220
3 9103954 1 49972202201642121 99999999973459991143221 99999993459989991212121220
3 9113954 1 49972202201642121 99999999979989991142221 99999999979989991212121220
3 9093954 1 49972202201642121 99999999973259991143221 99999993259989991212121220
3 9083954 1 49972202201642121 99999999972209991143221 99999992209989991212121220
3 304195810189972202001512121                                                220
3 1031953 9 59973253461211333                                                325
110123953 9119973453452141111 95399993253453251142121 99999993253459991611993325
1 9841953 9139973253461511333                                                325
1 892395310 89973253251142121 99999999979999991641113 99999993253459991212121325
1 893395310 89973253251142121 99999999979999991641113 99999993453259991212121325
1 897395310 89973253251142421 99999999973459991641113 99999993453253461132143325
3 894295310 89973253251142421 99999999973259991699991                        325
3 895295310 89973253251142421 99999999973459991699991                        325
1 292295310189979992002142121 99999993253459992112521                        325
2 341295310219973253252143121 99999993259989991212121                        325
1 904295311139973253251142421 99999999973253461212991                        325
2 524295311139973259991143121 99999993253253251212719                        325
9 536295311289973253252142122 99999999973459992212999                        325
1 558295312 4997999 511142121 99999993253459992212121                        325
1 560295312 4997999 511141211 99999993259989991212121                        325
11069195312139973252201112121                                                325
2 9993954 1 49973253251143221 99999993259979992142121 99999999973259991212142325
2 9152954 1 49973253251142221 99999999973259991212142                        325
2 9122954 1 49973253251143221 99999993253459992112121                        325
1 6392954 1119979993451142121 99999993253459991112121                        325
1 6792954 4139979992001141211 99999993253459992112521                        325
1 7182954 5139973252001142121 99999999973259991212121                        325
2 9422954 5319973252001143421 99999993253459991112521                        325
2 9431954 6 19973252001212142                                                325
2 7242954 6 89973252001141112 99999999973452001912121                        325
1 7252954 6119973252001142121 99999999973252001212121                        325
2 7582954 9129979992001141212 95410993253459992612521                        325
2 7562954 9129979992001141212 95410993253459992112521                        325
2 959195410 59973252001512142                                                325
2   12953 7169973452202143221 9999999345997  22212111                        345
1   32953 7169973452202142221 9999999997345  22212111                        345
2  573953 8319973253251141112 99999993459999991642121 99999993453253461132143345
2  473953 8319973453452143121 99999993459973451141211 99999993459993451199999345
1  881953 899997345  22212111                                                345
3 1041953 9 59973453461211333                                                345
1 9851953 9139973453461511333                                                345
3 1381953 915997345  22512111                                                345
410163953 9259973453452141114 953 9213459973451141113 99999999979999992999999345
3 896295310 89973253251141213 99999993453253461111993                        345
3 235295310129973453451141113 99999993459973451114223                        345
1 291295310189979992002142121 99999993453259992112521                        345
2 342295310219973453452143121 99999993459989991212121                        345
2 434395311 99973453451141112 95311 63459973451143421 99999999983459991212121345
2 467295311139973453451143421 99999993453259992212121                        345
1 469295311139973453451142421 99999999973259992212121                        345
1 468295311139973453451142421 99999999973459992212121                        345
1 470295311139973453451142921 99999999972209992212121                        345
2 466295311139973453451143421 99999993452209992212121                        345
2 465295311139973453451143421 99999993459979992212121                        345
1 903295311139973453451142421 99999999973253461212991                        345
1 557295312 4997999 511142121 99999993453259992212121                        345
1 561295312 4997999 511141211 99999993459989991212121                        345
1 582295312 69973453452142221 99999999973259992212121                        345
2 579295312 69973453452143221 99999993452209992212121                        345
1 583295312 69973453452142221 99999999972209992212121                        345
2 578295312 69973453452143221 99999993459979992212121                        345
2 580295312 69973453452143221 99999993453259992212121                        345
1 581295312 69973453452142221 99999999973459992212121                        345
2 629295312179973453451143221 99999993459989991212121                        345
1 628295312179973453451142221 99999999973253461132111                        345
9 627295312179973453451142221 99999999973453461112719                        345
210003954 1 49973453251143221 99999993453259992142121 99999999973459991212142345
2 9142954 1 99973453451142221 99999999973459991212142                        345
2 9132954 1 99973453451143221 99999993453259992112121                        345
1 6382954 1119979993451142121 99999993453259991112121                        345
2 9161954 2 29973452001212142                                                345
1 6782954 4139979992001141211 99999993453259992112521                        345
310433954 5259973452001142221 99999999979999991641111 99999993253453461912993345
210452954 5259973452001143221 99999993453252001112521                        345
310443954 5259973452001142221 99999999979999991641111 99999993453253461912993345
110723954 5259973452001142221 99999999972209991143121 99999992209999991192993345
1 9372954 5319973452001142421 99999999973253461123111                        345
1 9251954 5319973452001112521                                                345
1 9302954 5319973452002142421 99999999979993461511653                        345
1 9362954 5319973452001142421 99999999973453461123111                        345
2 9241954 5319973452001512142                                                345
3 9383954 5319973452001142421 99999999979999991641111 99999993453253461912993345
3 9393954 5319973452001142421 99999999979999991641111 99999993253453461912993345
3 7232954 6 49973452001142121 99999999973452001512121                        345
2 9551954 6149973452001212142                                                345
2 7552954 9129979992001141212 95410993453259992112521                        345
2 7572954 9129979992001141212 95410993453259992612521                        345
2 958195410 59973452001512142                                                345
1 846195410 89973453461212111                                                345
9 1312953 914997999  21142122 99999999973259999912999                        999
9 1322953 914997999  21142122 99999999973459999912999                        999
1 171295310 8997999  21142121 99999999979993461511653                        999
1 172295310 8997999  21142121 99999999973253461132111                        999
9 250195310139979993461212719                                                999
1 283295310169979992002142421 99999999979993461511653                        999
2 31829531019997999  21141212 99999999979993461511653                        999
1 343295310219979999992142121 99999999979989991212121                        999
3 353195310229979993461711413                                                999
1 986195310239979993461511413                                                999
3 417195311 69979993461211333                                                999
1 556295312 4997999 511142121 99999999973253461132111                        999
1 559295312 4997999 511141211 99999999979989991212121                        999
1 555295312 4997999 511142121 99999999979993461511653                        999
9 563295312 4997999 511142421 99999999973253461112719                        999
1 460395399999979999991141111 95310 8997999  21142121 99999999973253461132111999
1 459395399999979999991141111 95310 8997999  21142121 99999999979993461511653999
1 9871954 2 29979993461511333                                                999
3 9881954 2 29979993461512719                                                999
1 7202954 6 49979992001142121 99999999973259991212121                        999
3 803395410 59979992001142221 99999999979999991641111 99999993253453461912993999
1 794295410 59979992001142221 99999999979993461511653                        999
3 804395410 59979992001142221 99999999979999991641111 99999993453253461912993999
1 860295410229973253461142121 95410269993253461132111                        999
1 998195410269979993461511413                                                999
1 871195410269979993461511653                                                999
3 273195310159993253461114213                                                325
3 495195311209993253461114213                                                325
3 7391954 7179993253461114213                                                325
2 7543954 8 69999993251141192 95499993253452001642121 95499993453252001192999325
1 872195410269993253461132111                                                325
3 272195310159993453461114213                                                345
3 7381954 7179993453461114213                                                345
2 7533954 8 69999993251141192 95499993453252001143421 99999993253453461112719345
1 870195410259993453461132111                                                345
3 494195311199999973461114223                                                997
