3 1532920 725  29982201142121 99999999982909961212143                        998
2 1502920 725  29982201642121 99999999983159991212142                        998
3 1522920 725  29982201142121 99999999983159961212143                        998
1 1081920 6 12003152001112111                                                315
1   3291811 52903159991142111 91811 52903159951132141                        315
1   6191811 52903159951132141                                                315
1   1191811 52903159991112521                                                315
3   7191812172903159951211353                                                315
3  101919 1182903152901112173                                                315
3  141919 1242903159951211533                                                315
2  232919 1292903152901143113 919 1243152909951511553                        315
1  401919 2 32903159951511533                                                315
1  462919 2 32903152201142121 99999992903159951611553                        315
1  591919 7232903152901212121                                                315
3  651919 7302903152901512121                                                315
1  742919 9112903152201142421 99999992903159951133111                        315
1  701919 9112903152201112521                                                315
3  841920 2112903159951111513                                                315
3  871920 3102903159951112223                                                315
3  861920 3102903159951111553                                                315
3  911920 5182903159951114223                                                315
3  941920 5212903159951214213                                                315
1 1011920 5252903159951514213                                                315
3  952920 5262909999961141113 99999993152909951214223                        315
3  962920 5262909999961141113 99999993152909951212213                        315
3  991920 5272903159951111513                                                315
1 1121920 6112903152201112111                                                315
110031920 7282903159961112521                                                315
1  262919 1302909982201141211 99999992903159951511993                        998
2  312919 1302909982201142121 99999999982909951211212                        998
2  672919 9 52909982201143121 99999999982909961132111                        998
3  722919 9112903152201142121 99999999982909961112143                        998
3 1182920 6252909982901141213 99999999982909961112143                        998
2 1192920 7102909982201142121 99999999982909961212142                        998
1 1212920 7102909982201142121 99999999982909961612143                        998
1 1251920 7282909982201112521                                                998
1  512919 2 72909992901141211 99999992909992091699993                        999
1 1091920 6 13152002001112111                                                200
1   4291811 53152909991142111 91811 53152909951132141                        290
1   5191811 53152909951132141                                                290
1   2191811 53152909991112521                                                290
2   82919 1213152903151143121 99999992903159951132111                        290
310042919 1233152909951142321 919 1993152909951111553                        290
2  112919 1233152909951143111 919 1232903159951132111                        290
3  121919 1233152909951111523                                                290
3  131919 1243152909951211533                                                290
310011919 1243152909951211663                                                290
3  191919 1243152909951111553                                                290
3  201919 1283152909951111553                                                290
3  221919 1293152903151211353                                                290
1  452919 2 33152902201142121 99999993152909951611553                        290
1  411919 2 33152909951111521                                                290
1  441919 2 33152909951511663                                                290
1  472919 2 43152903151142121 99999993152902901121121                        290
3  491919 2 73152902901112223                                                290
3  501919 2 73152902901111533                                                290
3  481919 2 73152902901111523                                                290
1 1391919 2273152909951111521                                                290
1  581919 7233152902901212121                                                290
3  641919 7303152902901512121                                                290
1  711919 9113152902201112521                                                290
1  77291911123152903151142121 99999993152902901221141                        290
3  851920 2113152909951111513                                                290
3  882920 3113159993151141213 99999992903159951211533                        290
3  982920 5263159999961141113 99999992903159951212213                        290
3  972920 5263159999961141113 99999992903159951214223                        290
3 1001920 5273152909951111513                                                290
3 1032920 5303159993151141113 99999992903159951212223                        290
1 1111920 6113152902201112111                                                290
1 1301920 7283152909961133111                                                290
110021920 7283152909961112521                                                290
1 1552920 7293159992201141111 920 7282909982201112521                        290
1 1581920 8993152903151511353                                                290
2 1102920 6 13153983151143121 99999993982909961212342                        398
3 1352919 1 63159993151141213 99999999982909961132111                        998
2 1372919 1293159982201143121 99999999983159961132111                        998
1  272919 1303159982201141211 99999993152909951511993                        998
2  302919 1303159982201142121 99999999983159951211212                        998
2  662919 9 43159982201143121 99999999983159961132111                        998
3  732919 9113152902201142121 99999999983159961112143                        998
3 1062920 5313159993151141113 99999999982909961999991                        998
3 1052920 5313159993151141113 920 2 39983159961212152                        998
3 1462920 6 13159993151141113 99999999983159961212152                        998
2 1172920 6253159983151642121 99999999983159961212142                        998
2 1202920 7103159982201142121 99999999983159961212142                        998
1 1222920 7103159982201142121 99999999983159961612143                        998
1 1261920 7283159982201112521                                                998
1 1562920 7293159992201141111 920 7299989982201112521                        998
3  212919 1293159993151142121 99999993152909951111553                        999
1 1042920 5303159993151141211 99999993152909951611533                        999
1 1022920 5303159993151142121 99999993152902091699993                        999
3 1072920 5313159993151141213 99999993152909951212152                        999
1 1572920 7293159992201141211 99999993152902091999991                        999
1 1542920 7293159992201141111 920 7283159982201112521                        999
3  172919 1249982902201142322 99999999982902201992993                        290
2  152919 1249982902201143221 99999992903159951511533                        290
2  292919 1309982902201142121 99999999982909951211212                        290
2  242919 1309982902201143121 99999992903152091511993                        290
2  322919 1319982902201142121 919 2 89982909951212342                        290
2  422919 2 39982902201143121 99999992903159951611553                        290
2  392919 2 39982902201143121 99999992903159951511533                        290
2  521919 2 99982909961212342                                                290
2  541919 2 99982909961211212                                                290
2  562919 3999982902201143121 99999992903152091112521                        290
2  602919 7259982902201143211 919 8 42903152091112521                        290
2  622919 7259982902201142311 919 8 49982902091212142                        290
2  681919 9 49982902201212142                                                290
3  752919 9279982902201142121 99999999982909961112143                        290
2 1331919 9279982902201512142                                                290
2  831920 2 39982909961212152                                                290
2  811920 2 39982909961512342                                                290
2  791920 2 39982909961511212                                                290
2  891920 3119982909961212152                                                290
3 1402920 5 49982902201142111 920 7 79982909961112143                        290
3 1422920 5 69982902201142111 920 7129982909961112143                        290
1 1442920 5 69982902201142111 920 7 79982909961612143                        290
2  921920 5199982909961312152                                                290
2 1162920 6259982902201143121 99999999982909961612143                        290
2 1143920 6259982902201143121 99999992909982091142121 99999999982902091212142290
3 1472920 7 79982902201142121 99999999982909961112143                        290
2 1231920 7209982902201212142                                                290
2 1321920 7289982902201512142                                                290
1 1281920 7289982909961132111                                                290
2 1591920 7299982909961512152                                                290
3  182919 1249983152201142322 99999999983152201992993                        315
2  162919 1249983152201143221 99999993152909951511533                        315
2  282919 1309983152201142121 99999999983159951211212                        315
2  252919 1309983152201143121 99999993152902091511993                        315
2  332919 1319983152201142121 919 2 89983159951212342                        315
2  352919 2 29983152201143121 99999993152909951511663                        315
2  362919 2 29983152201143122 99999993152909951421133                        315
2  372919 2 29983152201143121 99999993152902901323151                        315
2  342919 2 29983152201143121 99999993152909951611553                        315
2  432919 2 39983152201143121 99999993152909951611553                        315
2  382919 2 39983152201143121 99999993152909951511533                        315
2  531919 2 99983159961212342                                                315
2  551919 2 99983159961211212                                                315
2 1382919 2259983159961143121 99999993152909951511553                        315
2  572919 3999983152201143121 99999993152902091112521                        315
2  632919 7259983152201142311 919 8 49983152091212142                        315
2  612919 7259983152201143211 919 8 43152902091112521                        315
2  691919 9 49983152201212142                                                315
3  762919 9279983152201142121 99999999983159961112143                        315
2 1341919 9279983152201512142                                                315
2  821920 2 39983159961212152                                                315
2  781920 2 39983159961511212                                                315
2  801920 2 39983159961512342                                                315
2  901920 3119983159961212152                                                315
3 1412920 5 49983152201142111 920 7 79983159961112143                        315
1 1452920 5 69983152201142111 920 7 79983159961612143                        315
3 1432920 5 69983152201142111 920 7129983159961112143                        315
2  931920 5199983159961312152                                                315
2 1152920 6259983152201143121 99999999983159961612143                        315
2 1133920 6259983152201143121 99999993159982091142121 99999999983152091212142315
2 1493920 7 79982902201141212 920 6803159983151642121 99999999983159961212142315
3 1482920 7 79983152201142121 99999999983159961112143                        315
2 1241920 7209983152201212142                                                315
2 1311920 7289983152201512142                                                315
1 1291920 7289983159961132111                                                315
2 1601920 7299983159961512152                                                315
1 1271920 7289989982201112521                                                998
