2   52863 7292003002001141212 99999992209999999999999                        220
220152863 9 92002202201143121 863 9992209982092212142                        220
32033386311252002202001141113 86311992202002201143191 86399992009989991212999220
2 1042864 1992002202001143121 86499992209989991112521                        220
2 1152864 1992002202001143422 86499992203909999999999                        220
1  641864 1992002202201112111                                                220
2 1592864 2232002202001143221 86499992209989992211313                        220
120722864 2252002202001642121 86499992003003901211313                        220
2 1372864 2992002202001143121 86499992209989991212111                        220
1 1721864 3992002202201212111                                                220
320793864 3992002202001141113 864 3272203902201143121 86499993903903901112719220
3 1713864 3992002202001642121 86499992009982002143121 99999999983913911132173220
3 1741864 4992002202201512111                                                220
1 1992864 6992002202001642121 86499992009989992211313                        220
32052286312112002582001141113 86399992509982581212533                        250
220212863 9292002572001142121 86399992009989991212142                        257
120202863 9292002582001141111 863 9992583902571212719                        258
22039286311162002582001143121 86399992583903902611653                        258
32053286312112002582001141213 86499992583903901232173                        258
1  37186312122002582581112111                                                258
2  58286312252002582001143122 99999992583909999699999                        258
2  991864 1992002582001143121 86499992583909992611533                        258
2 1052864 1992002582001143121 86499992589989991112521                        258
2 1322864 2102002582001143421 86499992583903912511533                        258
3 1462864 2202002582001141113 864 2182583903901311553                        258
2 1542864 2212002582001143111 864 2992583903902511553                        258
320142863 8312002602001141213 86399992603903901211533                        260
320192863 9292002602001141213 86399992603903901211653                        260
2  59286312262002602001143122 99999992603909999699999                        260
210122864 1992002602001143121 99999992603913911611553                        260
21054286499992002602001143111 86499992609982001212111                        260
2   62863 7292003002001141212 99999993809993911211513                        300
22040286311162003002001143121 86399993003903902211653                        300
2 1062864 1992003002001143121 86499993009989991112521                        300
2 1002864 1992003002001143121 86499993003909992611533                        300
2 1332864 2102003002001143421 86499993003903912511533                        300
3 1472864 2202003002001141113 864 2993009999991211313                        300
3 1481864 2212003002001211313                                                300
2 1532864 2212003002001143111 864 2993003903902511553                        300
310971864 5992003001851211313                                                300
1  34186312992003652581212111                                                365
2 1032864 1992003652001143121 86499993659989991112521                        365
2 1142864 1992003652001143422 86499993653909999999999                        365
2 1602864 2232003652001143221 86499993659989992211313                        365
1 1612864 2252003653001142121 86499992009981881611313                        365
2  162863 9992003802001142121 99999992009989999212142                        380
2 1072864 1992003802001143121 86499993809989991112521                        380
2  173863 9992003902001143111 86399993902603901142111 86399992603923921111553390
2  173863 9992003902001642121 863 9992003802001142999 99999992003809999999999390
32041286311202003902001141113 86311993903903901112719                        390
1  23186311992003903901112611                                                390
1  40186312152003903901112111                                                390
2  42286312152003902001143122 9999999399998  99999999                        390
1  50186312202003903902112111                                                390
3  46286312202003902002141113 86311203903913911132143                        390
2 1312864 2102003902001143221 86499993909983911511533                        390
3   72863 7292003002001141113 863 9 9998391  99999999                        998
2  833864 1992003652001642121 86499999983909981143122 86499993909999999999999998
3 1522864 2212009982001142411 864 2312009983901211313                        998
210472864 2992009982001143121 86499999989983911511533                        998
1 1791864 4202009982001212111                                                998
221162864 5282009982001143121 86499999983903901132173                        998
21055286499992009982001143111 86499999989982001212111                        998
9  32286312 32002112001141119 86399999999992099999999                        999
21018286312312009992001143121 99999999989989999699999                        999
21017286312312009992001143121 86499992609989992212111                        999
21016286312312009992001143121 86499999989989992212111                        999
3  122863 9992202002201141113 99999992209989992212142                        200
3  44286312992202002201142421 99999992209989991612111                        200
1  651864 1992202002201112111                                                200
1 1382864 2992202002201142421 86499992209989991212111                        200
1 1703864 3122202002201142221 86499992209982202143121 99999999983913911132173200
2 1693864 3122202002201143221 86499992009982002143121 99999999983913911132173200
1 1731864 3992202002201212111                                                200
3 1751864 4992202002201512111                                                200
2 1983864 6212202002201143121 86499992002202001141119 86499999989989991212142200
2 1962864 6992202002201143122 86499992009999999999999                        200
2  131863 9992202002201141213 99999992009989991212142                        220
92045186312992202582581112999                                                258
32028386399992202582201141113 86399992582202581143121 86399999989989991212111258
220602864 1 62202582201143121 86499993803903901232143                        258
220592864 1 62202582201143121 86499992583903901232143                        258
2 1012864 1992202582201143121 86499992583909992611533                        258
2 1502864 2202202582201143121 86499992583903902511553                        258
110311864 1232203003001123131                                                300
2 1022864 1992203002201143121 86499993003909992611533                        300
2 1512864 2202203002201143121 86499993003903902511553                        300
2  183863 9992203902201143111 86399993902603901142111 86399992603923921111553390
12035286311262203903901141111 86399993909999999999999                        390
1  24186311992203903901112611                                                390
1  51186312202203903901112111                                                390
2  53286312202203902201143121 99999999989989991212111                        390
220782864 3272203902201143121 86499993903903901112719                        390
32031186311 52209982201112533                                                998
22049286312 82209989981143121 86499999989982201212999                        998
1 1861864 4202209982001212111                                                998
1 1092864 1992209992201142121 86499992209989991112521                        999
110802864 3292209992202142111 864 4122209982001212111                        999
110652864 3992209992201142121 86499992209982001212111                        999
111132864 5992209992201642421 99999992209989991211533                        999
11127186499992509989991912111                                                998
22024286310992582002581143121 86399992009989991212142                        200
22028386311992582002001143121 86311992003902001141111 86311992583903901199999200
1  38186312122582002581112111                                                200
3  39286312122582002581142422 864 9 92583909991211993                        200
3  882864 1992583652581141113 99999992009999999999999                        200
1 1282864 2 42582002581642122 99999992583909991212991                        200
1 1552864 2212582002581141111 864 2182583903902211553                        200
92046186312992582202581112999                                                220
12034386399992582202581141111 86311992202582201143191 86399992009989991212999220
3  862864 1992583652581141213 99999992209999999999999                        220
311341864 7212582609991111553                                                260
32030386311992583002581141113 86311993002583001142121 86399993002209991212511300
92029286311992583002581642121 86311992583009991212999                        300
1 1562864 2212582002581141111 864 2993003903902211553                        300
121171864 6 12583009991212111                                                300
3  872864 1992583652581141113 99999993659999999999999                        365
2  892864 1992583652581142122 86499992583659991712991                        365
1  902864 1992583652581642122 99999992583909991212991                        365
2  912864 1992583652581143422 99999993652589999999999                        365
1 1412864 2992583652581142422 86499992583909991212991                        365
1 1422864 2992583652581142121 86499992589989991212111                        365
1 1951864 6992583652581212111                                                365
320032863 4992583902581141113 863 4993903903901212719                        390
32032286311152583903901141213 86311993903903901212719                        390
32027286311992583903901141213 86311993903903901212719                        390
1  26186311992583903901112611                                                390
310212864 1162583902582142321 86499992583903901412161                        390
210192864 1162583902582143111 86499993903903901512719                        390
350101864 1212583903922111523                                                390
2 1192864 1312583902581143111 864 1313909983911411323                        390
3 1221864 2 12583903912211553                                                390
310331864 2 22583903902211533                                                390
310491864 2182583903902311533                                                390
110581864 2232583903902411533                                                390
3 1631864 3 52583903902211533                                                390
310721864 3152583909991211663                                                390
310901864 3182583901881111523                                                390
310761864 3992583909991111513                                                390
310911864 4202583903901321143                                                390
2 1782864 4262583652581141112 99999993909999999999999                        390
111071864 5102583902002112521                                                390
121151864 5122583903901511533                                                390
110991864 5992583903901512213                                                390
321231864 6292583903901111553                                                390
321221864 6292583903901211533                                                390
311221864 6302583903901132143                                                390
311231864 7 32583909991111523                                                390
121271864 7202583903901511533                                                390
111441864 7262583903002112521                                                390
111351864 7262583903002212111                                                390
211322864 7992583902581143121 864 8993909983001212111                        390
12134186410302583903001112521                                                390
31093186499992583903901211423                                                390
31095186499992583903901212213                                                390
31116186499992583909991212213                                                390
31115186499992583909991212173                                                390
21094286499992583903901143111 86499993902583901123111                        390
310381864 2 62583913911211553                                                391
310231864 2992583912582211993                                                391
3  721864 1212583923922211553                                                392
12022286310992582002581141111 86399999989989991212111                        998
22042286312 02589989981143121 86399999989982201212111                        998
1 1811864 4202589982001212111                                                998
3 1112864 1992589992581642121 86499992589989991112521                        999
3 1342864 2112589992581642121 86499992583903912511533                        999
110562864 2232589992582142121 86499992589989991212111                        999
1 1672864 3 52589992582142121 86499992583903902511533                        999
1 1682864 3 52589992582142121 86499992589989991212111                        999
110792864 3292589992582142111 864 4122589982991211121                        999
310921864 4992589999991311553                                                999
111042864 5 92589992001142121 864 5992583903902511533                        999
311103864 5102589992001642121 86499992583902581143111 86499993902583901123111999
111502864 7152589992582142211 864 7162583903902511533                        999
111402864 7262589993002142111 99999992583903901611533                        999
311412864 7262589993002142411 99999992589989982711653                        999
11024186499992593002581211131                                                300
310133864 1992609992601141113 864 1992002602001143121 99999992603913911611553200
2   12863 7 92603902641143111 86399993903913911512719                        390
320052863 7 92603902601641213 86399993902603901212719                        390
220062863 7992603902601143121 86399993903903901512719                        390
32025286310 12603902601142121 86310992603903901211533                        390
32055186312242603903901211533                                                390
3   21863 7 92603922601211353                                                392
31001186312172603922601211313                                                392
31004186312242603923921211553                                                392
1 1841864 4202609982001212111                                                998
1 1582864 2213002003001642121 86499993003903901311533                        200
1 1572864 2213002003001142121 86499993003901881611313                        200
2   92863 8993002003001141212 99999992203909999699999                        220
210302864 1993002203001143111 864 1992203003001123131                        220
320813864 3 03002203001141113 864 3272203902201143121 86499993903903901112719220
210082864 1 53002583001143199 99999992589999999999999                        258
310222864 1163003903002142321 86499992583903901412161                        258
121181864 6 13002589991212111                                                258
11025186499993002582581211131                                                258
2   82863 8993002003001141212 99999993803909999699999                        380
320022863 4993003903001141113 863 4993903903901212719                        390
1  27186311993003903901112611                                                390
210202864 1163003903002143111 86499993903903901512719                        390
3 1211864 2 13003903911211553                                                390
310371864 2 63003903911211663                                                390
310351864 2 63003903912211533                                                390
310501864 2183003903902211533                                                390
110591864 2233003903902411533                                                390
3 1641864 3 53003903902311533                                                390
311001864 5 93003901851111513                                                390
111061864 5103003902002112521                                                390
121141864 5123003903911511533                                                390
321211864 6293003903901311533                                                390
121261864 7203003903901511533                                                390
111361864 7263003903002212111                                                390
111431864 7263003903002112521                                                390
12135186410303003903001112521                                                390
310451864 2 63003913911211653                                                391
3  731864 1213003923922211553                                                392
1 1821864 4203009982001212111                                                998
11126186499993009989991912111                                                998
3 1352864 2113009993001642121 86499993003903912511533                        999
110572864 2233009993002142121 86499993009989991212111                        999
3 1451864 2993009999991211313                                                999
1 1652864 3 53009993002142121 86499993003903902511533                        999
1 1662864 3 53009993002142121 86499993009989991212111                        999
110782864 3293009993002142111 864 4123009982001212111                        999
111032864 5 93009992001142121 864 5993003903902511533                        999
311113864 5103009992001642121 86499993003903001143111 86499993903003901123111999
111292864 7153009993002142211 864 7163003903902511533                        999
311422864 7263009993002142411 99999993009989982711653                        999
111392864 7263009993002142111 99999993003903901611533                        999
2  31286311993652003651143122 99999992003009999999999                        200
1  60286312243652003651142222 99999993652589991212991                        200
2  61286312243652003651143222 99999992002589992999999                        200
3  62286312993652003651141213 99999992009989991212142                        200
1  33186312993652002581212111                                                200
2  773864 1993652003651143111 864 1992003002001143111 864 1993003909992699999200
2  793864 1993652003651143121 86499999983909981143122 86499993909999999999999200
1  683864 1993652003651142221 99999993652603652143121 99999992603913911611533200
2 1162864 1993652003651143122 99999992003909999999999                        200
2  763864 1993652003651143111 864 1992002582001143111 864 1992583909992699999200
1  672864 1993652003651142121 99999993659989991212111                        200
121382864 2243652002001642121 86499993652602091211313                        200
22037286311303652202201143121 86399992202589992212511                        220
22036286311303652202201143121 86399992203659992212511                        220
320803864 3 03652203651141113 864 3272203902201143121 86499993903903901112719220
3 1763864 4993652203651141113 864 3122209982201143121 99999999983913911132173220
1  943864 1233652583651141111 864 1993652003651642121 99999999989989991212142258
1 1122864 1313652583651142122 999 9993652589991212991                        258
2  972864 1993652583651143121 86499992583909992611533                        258
3  922864 1993652583651642122 99999993652582581121121                        258
2 1172864 1993652583651143121 86499992583913911411553                        258
2  842864 1993652583651143121 86499992582002582112991                        258
2  742864 1993652583651143111 864 1992583909992699999                        258
2  823864 1993652583651141112 86499992589992581642122 99999992583909999999999258
2 1182864 1993652583651143121 86499993003913911411553                        258
2  803864 1993652583651143121 86499992589992582642122 99999992583909999999999258
3 1232864 2993659993651141113 864 2 12583903912211553                        258
2 1392864 2993652583651143121 86499992583903912511533                        258
2 1402864 2993652583651143121 86499992589989991212111                        258
1 1932864 6103652583651141211 86499992589999999999999                        258
1 1941864 6993652582581212111                                                258
2  982864 1993653003651143121 86499993003909992611533                        300
2  752864 1993653003651143111 864 1993003909992699999                        300
2  852864 1993653003651143121 86499993002003002112991                        300
2  813864 1993653003651143121 86499993009993002642122 99999993003909999999999300
3 1242864 2993659993651141113 864 2 13003903912211553                        300
1  25186311993653903901112611                                                390
3  22286311993659993651141113 86311203903913911132143                        390
2  21286311993653903651143111 86311993903913911632143                        390
3  35286312 93653903651141113 86399993909989999999999                        390
1  36286312 93653903651142121 99999993659982091611533                        390
2  47286312203653903651143121 99999993903913911132151                        390
1  49186312203653903902112111                                                390
3  45286312203653903902141113 86311203903913911132143                        390
2  782864 1993653903651143121 864 1993903913911132151                        390
1  953864 1993652583651141111 99999993909993901143121 99999999989989991212111390
2  28386311993659983651143121 99999999983909981143122 99999993909989999999999998
2  932864 1993652003651642121 99999999989989991212142                        998
1  962864 1993652583651141211 86499999983913911211553                        998
1 1801864 4203659982001212111                                                998
11125186499993659989991912111                                                998
2  30286311993659993651143121 99999999989982001212111                        999
1 1082864 1993659993651142121 86499993659989991112521                        999
110832864 3293659993652142111 864 4123659982001212111                        999
2  142863 9993802003801141112 863 9993803909991712111                        200
2  152863 9993802003801143122 99999992009989992999999                        200
320082863 7193802582201141113 86399992589982091399999                        258
320072863 7193802582001141113 86399992589982091399999                        258
120012863 4993803903901141111 863 4993903903901212719                        390
120091863 7223803903801112111                                                390
920111863 7993803903801212999                                                390
2  193863 9993803903801143111 86399993902603901142111 86399992603923921111553390
22026286311993803903801143121 86311993903903901212719                        390
92048186312 23803903801312999                                                390
2  50186312 93803903801512999                                                390
12054286312183803903801142421 99999993803803901211121                        390
110701864 3 63803903801114251                                                390
1 1851864 4203809982001212111                                                998
311241864 7 43809983801211313                                                998
1 1102864 1993809993801142121 86499993809989991112521                        999
110732864 3153809993801142421 86499993803903901123131                        999
110822864 3293809993802142111 864 4123809982001212111                        999
310691864 3993809993801321133                                                999
310681864 3993809993801311323                                                999
1  41186312153902003901112111                                                200
220652864 1213902003901142121 86499993902603901512719                        200
2 1362864 2113902003901143122 86499992003909999999999                        200
1  52186312203902203901112111                                                220
31015286312193902583901142112 99999993909999999799993                        258
210282864 1233902583901143111 86499992589999999699999                        258
3 1202864 1313902583901642121 864 1313909983911411323                        258
350121864 2 23902583901211533                                                258
310481864 2993902581851111423                                                258
310751864 3993902589991111513                                                258
310841864 4193902582581211433                                                258
121121864 5123902583901511533                                                258
110981864 5993902583901123251                                                258
321191864 6293902583901211533                                                258
121251864 7203902583901511533                                                258
12137186410303902583001132111                                                258
12133186410303902583001112521                                                258
31096286499993902583901642121 86499993902583901123251                        258
31148286499993909993901142411 99999992589989981711653                        258
320132863 8273902603901642121 86399993903903901512719                        260
31014286312193902583901141113 99999992609999999999999                        260
32056186312243902603901211533                                                260
310061864 1 53902603901211353                                                260
310112864 1 93909993901142111 864 1 92603923921211553                        260
110771864 3193902603901411433                                                260
210272864 1233903003901143111 86499993009999999699999                        300
350141864 2 63903003901211533                                                300
311011864 5 93903001851111513                                                300
121131864 5123903003901511533                                                300
321201864 6293903003901211533                                                300
121241864 7203903003901511533                                                300
12132186410303903003001112521                                                300
12136186410303903003001132111                                                300
31149186499993909993901142411 99999993009989981711653                        300
220642864 1213903653901142121 86499993902603901512719                        365
2 1432864 2123903653901143122 86499993653909999999999                        365
120101863 7223903803801112111                                                380
920121863 7993903803801212999                                                380
92047186312 23903803801312999                                                380
9  51186312 93903803801512999                                                380
320011863 3303903913911132143                                                391
3  20186311203903913911132143                                                391
110461864 2993903913911411323                                                391
320021863 3303903923921132993                                                392
110051864 1993903923921511323                                                392
12023286310283909983901141111 86399999989989991212142                        998
1  48186312203909983901112111                                                998
1  54286312993909993901141211 99999999989999999999999                        998
3  712864 1993909983901642111 864 1993903913911132151                        998
110102864 1993909983901141211 99999999989989991212111                        998
310321864 2 23909983911211533                                                998
1 1301864 2 53909983911421143                                                998
1 1771864 4183909983911421143                                                998
110871864 4203909989981511533                                                998
1 1831864 4203909982001212111                                                998
111051864 5103909982001112521                                                998
111121864 5993909989981511433                                                998
311211864 6273909989981211433                                                998
111331864 7213909989981511433                                                998
111451864 7263909983001112521                                                998
111371864 7263909983001212111                                                998
11146186499993909983911132111                                                998
11147186499993909983921132111                                                998
11003286312173909993901142121 99999993902603921611533                        999
2  29286399993909993901143121 99999999989989991212111                        999
310091864 1 43909999991211313                                                999
310292864 1233909993901142111 86499993903903901512719                        999
310622864 2273909993901142421 86499993909989991612111                        999
310612864 2993909993901142111 864 2253903923921211433                        999
310602864 2993909993901142111 864 2253903913911211433                        999
110812864 3293909993902142111 864 4123909982001212111                        999
310661864 3993909999991512111                                                999
310712864 3993909993901142111 864 3153902582581211433                        999
110742864 3993909993901142121 86499993909982001212111                        999
111022864 5 93909992001142121 864 5993909983901511533                        999
111082864 5103909992001142111 864 5123909989981511433                        999
311172864 6 23909993901142411 864 6123909989981211433                        999
111302864 7153909993901142211 864 7163909989981511433                        999
111312864 7153909993901142211 864 7163909983901511533                        999
111382864 7263909993001142111 99999993909983901611533                        999
311282864 7993909993901142221 86499993909989981211433                        999
311181864 6 63913903911114213                                                390
110861864 4219989982001212111                                                998
