1 2501948 625  22002551112111                                                200
1 4721948 911  2200  21112111                                                200
1 6041949 4 4  2200  21112511                                                200
1 6551949 514  22002202212111                                                200
1  972948 4 6  2220  22142121 9999999  22209992121111                        220
1 542194811 4  22202201321141                                                220
1 6021949 4 4  2220  21112511                                                220
1 6521949 514  22202202212111                                                220
1  452948 323  2255  21142121 9999999  22552551711991                        255
1  641948 4 1  22552571223141                                                255
1 2082948 6 8  22552571142421 9999999  22552571223301                        255
3 2291948 618  22552571423991                                                255
1 2551948 626  22552571223301                                                255
1 3141948 712  22552571323301                                                255
1 4472948 826  22552571142121 9999999  22552579999991                        255
1 69919481015  22552652323301                                                255
1 58029481215  2999  21142421 99999992552572572132161                        255
1 58529481225  2255  21142321 9481225  22572571723301                        255
1 6061949 4 6  22552571323301                                                255
1553819481021  2257  21323301                                                257
3  371948 317  22652571112213                                                265
3 57029481130  2365  21141113 94811302652612611212719                        265
3 5901949 118  22652571211433                                                265
3 5932949 129  23652571642321 94999992652572571233131                        265
1 6571949 512  22652571511433                                                265
2  202948 312  23652611143121 99999993652612612112719                        365
2  222948 312  23652571143121 99999993652572572112719                        365
3  302948 317  2365  21141113 9999999365399  29912999                        365
3  292948 317  2365  21141113 99999993659992099999999                        365
3  282948 317  2365  21142121 9999999  23652571311993                        365
3  562948 325  2365  21141113 9999999365  2  21111443                        365
3  512948 325  2365  21141113 99999993652652651912999                        365
3  502948 325  2365  21141113 99999993652552551912999                        365
3  522948 325  2365  21142121 9999999  22552551711653                        365
1  543948 326  2365  21642121 948 3 83659973651141113 948 2229979972001212111365
3  613948 4 1  23659992642111 948 3303659972651142111 948 4 13659972651212183365
3  712948 4 1  2365  21142121 9999999  23652571711653                        365
3  633948 4 1  23659991141113 948 3303659972651142111 948 4 13659972651212183365
3  781948 4 2  23652571211313                                                365
1  772948 4 2  2365  21142121 9999999  23652651699993                        365
3  742948 4 2  23652571642111 948 4 2365  22571133131                        365
3  922948 4 5  23652572142121 9999999  29972572611991                        365
1  892948 4 5  23652572142121 9999999  29972572211991                        365
3 1002948 4 7  23652571642111 948 410  23652571312161                        365
1  791948 4 9  23652571511313                                                365
3 1133948 411  23652572141113 948 328365  22651143121 9999999  29972652511991365
3 1182948 411  23652572142121 9999999  29972652511991                        365
1 1192948 411  23652651642121 9999999  22552551599991                        365
1 1232948 412  23652572142121 9999999  22552572223991                        365
3 1322948 415  23652571142121 9999999  23652571111313                        365
1 1541948 422  23652572223991                                                365
1 1612948 424  23652571142121 9999999  29972571712991                        365
3 1792948 518  2365  21142121 9999999  23659991612121                        365
3 1801948 519  23652551212993                                                365
3 1811948 520  23652551212183                                                365
3 1822948 520  23652551142111 948 6 1  23652551312183                        365
3 1862948 521  23652571642421 9999999  23659991212121                        365
3 1872948 524  23652571141113 99999993652559991112213                        365
1 1882948 527  23652551142221 9999999  23652551512993                        365
2 1892948 527  23652551143221 9999999365  22651512993                        365
3 2281948 618  23652571211993                                                365
3 2271948 618  23652571221133                                                365
2 2333948 622  23652571642121 948 619365  22571141112 99999992652572651132999365
3 2402948 624  23652551142121 9999999  22552571711653                        365
3 2441948 624  23652552111313                                                365
1 2452948 624  23652571142421 9999999  2  22571611413                        365
3 2531948 625  23652652211433                                                365
3 2582948 626  23652551141113 948 626  23652551112173                        365
3 2571948 626  23652551112173                                                365
1 2622948 627  23652551142121 9999999  22552571323301                        365
1 2661948 628  23652651112111                                                365
2 2762948 630  23652552143321 99999993659972571411433                        365
3 2731948 630  23652551221133                                                365
1 2742948 630  23652552142221 9999999  22552571323301                        365
1 2722948 630  23652571142121 9999999  22552571611653                        365
3 2802948 7 1  23652572141113 948 7 13659972571512161                        365
2 2972948 7 5  23652571143221 99999993659972571511433                        365
3 2962948 7 5  23652571642221 9999999  22652651223151                        365
2 3032948 7 9  23659991143221 99999993659972571511433                        365
1 3022948 7 9  23659991142221 9999999  23659991212111                        365
1 3122948 710  23652551642121 9999999365  22651921993                        365
4 3162948 713  23652571141114 9999999  23652579999993                        365
3 3222948 715  2365  21142121 9999999  22552571711653                        365
3 3271948 716  23652001321133                                                365
9 3542948 721  2365  21142121 9999999  23659991912999                        365
1 3612948 725  23652571142121 9999999  22552571323301                        365
1 3592948 725  23652571142221 9999999  23659991212121                        365
2 3602948 725  23652571143221 99999993659972571511433                        365
1 3621948 726  23652552412183                                                365
1 3752948 731  23652571142421 9999999  23659991212121                        365
3 3762948 731  23652571141113 99999993652552571123993                        365
1 3722948 731  23652571142121 9999999  22552571799991                        365
3 3911948 8 6  23652571112173                                                365
4 4162948 813  23653651141114 9999999  23659991112173                        365
3 4221948 815  23652551321133                                                365
3 4241948 818  23652571211313                                                365
3 4302948 820  23652571141113 948 8193652552571111993                        365
1 4251948 820  23652571511313                                                365
3 4331948 821  23652571111313                                                365
3 4281948 821  2365  21112173                                                365
2 4362948 821  23652572143121 99999993652552611512213                        365
2 4382948 822  23652571143121 9999999365  22611512173                        365
3 4622948 9 8  23652571141113 948 9 6365  22611111993                        365
1 4682948 9 9  2365  21142121 9999999  22552579799991                        365
1 4692948 9 9  2365  21142121 9999999  23653651712121                        365
3 4652948 9 9  23652571141113 948 9 6365  22611111993                        365
3 4702948 910  23652551642121 9999999  23652571112991                        365
3 4761948 912  23652571111313                                                365
1 4772948 912  23652571142121 9999999  22552571723301                        365
1 4781948 914  23653651212121                                                365
3 4821948 916  23652571111313                                                365
1 4942948 921  23653651142111 948 921  23653651712121                        365
1 5032948 923  23652571142121 948 999  22572571723301                        365
3 5021948 924  23652571212713                                                365
3 5013948 924  2365  21141113 948 924365  23651142111 948 999365  23651211313365
3 5081948 928  23652571111423                                                365
2 5102948 929  2365  21143111 948 929365  22651511313                        365
1 525294810 9  2365  21142221 9481099  23659991212121                        365
2 524294810 9  2365  21143221 94810993652512651511433                        365
3 52729481010  2365  21141113 94810 93659972651111313                        365
3 53419481014  23652571423151                                                365
3 53519481016  2365  21221133                                                365
1 54729481111  2365  21142111 9489999  22572651723301                        365
3 54839481112  2365  21141113 9481111365  22611142121 9489999365  22651211423365
3 55329481116  2365  21642321 9999999  23659991212121                        365
2 55429481116  2365  21143121 99999993652572651511433                        365
1 58429481225  2365  21142321 9999999  22572571723301                        365
3 5892949 1 4  2365  21141113 99999993652559991711663                        365
2 7053949 215  23653991143221 9999999365  23991141112 949 1313659973651143221365
3 6002949 311  2365  21141113 94999993652552571711433                        365
1 6092949 4 9  2365  21142111 949 4 9  22552571132161                        365
3 6161949 418  23652551111313                                                365
1 6351949 429  2365  21212121                                                365
2  232948 312  29972571143121 99999999972572572112719                        997
2  212948 312  29972611143121 99999999972612612112719                        997
1 2072948 6 9  29999992141111 99999999979982002112111                        997
1 3572948 723  2999  21141111 99999999972552571223301                        997
1 3742948 731  23652571141211 99999999972552551123719                        997
1 3732948 731  23652571141211 99999999972552551112719                        997
1 4532948 9 2  23652611142121 99999999973652611312161                        997
1 5122948 930  2999  21142121 94899999979972572232161                        997
1  362948 317  29989991142122 9999999  29989991999991                        998
1 1911948 531  29982002112521                                                998
3 1642948 429  2999  21142121 9999999  29982091321133                        999
1 1632948 429  2999  21142121 9999999  29992091321991                        999
1 3582948 723  2999  21142121 9999999  22552571323301                        999
3 4812948 915  2999  21141123 948 914  23653651112121                        999
1 6282949 426  29992551142121 9499999  22552551232151                        999
1 2511948 625200  22551112111                                                  2
1 4711948 911200  2  21112111                                                  2
1 6051949 4 4200  2  21112511                                                  2
1 6541949 514200  22202212111                                                  2
1 557194811192002102002212511                                                210
1  962948 4 62002202002142121 99999992002209992121111                        220
15559194811192002202002212511                                                220
1 3252948 7162002552571142121 99999992002552571323301                        255
1 3232948 7162002552571142121 99999992002552579999991                        255
1 4132948 8122002552571142421 99999992002552571123991                        255
1 700194810152002552652323301                                                255
3  192948 3112003652001141113 99999993652652659999999                        365
3  532948 3252003652001141113 948 3203659972571412161                        365
3  691948 4 12003652571111993                                                365
1  732948 4 12003652612642111 948 4 13652002611212183                        365
2  672948 4 12003652571143121 99999993652002571512183                        365
3  652948 4 12003652001141113 948 4 13659972651212183                        365
3  623948 4 12003659992642111 948 3303659972651142111 948 4 13659972651212183365
3  872948 4 52003652571141113 948 4 53652002651111993                        365
1  882948 4 52003652572142121 99999992009972572211991                        365
3  912948 4 52003652572142121 99999992009972572611991                        365
3 1143948 4112003652572141113 948 3283652002651143121 99999992009972652511991365
3 1172948 4112003652572142121 99999992009972652511991                        365
3 1222948 4112003652571141113 948 4113659972651312183                        365
1 1242948 4122003652572142121 99999992002552572223991                        365
1 1262948 4122003652651642111 948 4123659972651312183                        365
3 1272948 4122003652571141113 948 4123659972651112533                        365
3 1282948 4132003652571142121 99999992003652571212993                        365
3 1342948 4162003652571642121 99999992003652571212111                        365
3 1492948 4202003652571141113 948 4203652002571312183                        365
3 1522948 4222003652572141113 948 4223659972611533131                        365
1 1551948 4222003652572223991                                                365
4 1592948 4232003659991141114 99999992003652552911993                        365
1 1732948 5 42003652001142121 99999992002552571799991                        365
3 1772948 5122003652001142121 99999992003659991612121                        365
4 2012948 6 62003652001141114 99999992003652551112173                        365
2 2102948 6 92003652571143191 99999993652002571132991                        365
3 2051948 6102003652571312183                                                365
3 2431948 6242003652552111313                                                365
3 2421948 6242003652551423151                                                365
3 2521948 6252003652652211433                                                365
1 2712948 6302003652001142122 99999992002552571999991                        365
2 2772948 6302003652552143321 99999993659972571411433                        365
1 2752948 6302003652552142221 99999992002552571323301                        365
3 2812948 7 12003652572141113 948 7 13659972571512161                        365
2 2842948 7 32003652001143221 99999993659972571411433                        365
1 3262948 7162003652571142121 99999992002552571323301                        365
1 3242948 7162003652571142121 99999992002552579999991                        365
3 3432948 7202003652571141113 948 7153659972651211313                        365
3 3631948 7262003652552312183                                                365
3 3651948 7272003652001111313                                                365
2 4352948 8212003652572143121 99999993652552611512213                        365
3 4341948 8212003652571111993                                                365
3 4391948 8222003652571112173                                                365
3 4981948 9232003652001211133                                                365
3 529294810122003652001141113 94810113652002651111313                        365
3 563294811202003652001141113 94899993659972571211993                        365
1 5992949 3 12003652571142121 94999992002552571211121                        365
3 6341949 4282003652571111993                                                365
1 6411949 4302003652571112521                                                365
3 6602949 5142003652571141213 94999993652652651312183                        365
3 1481948 4202009972571523991                                                997
1 2062948 6 92009999992141111 99999999979982002112111                        997
1 2852948 7 32003652002142221 99999999973659991212111                        997
1  311948 3172009982112112511                                                998
1 1651948 4302009982002112511                                                998
1 1921948 5312009982002112521                                                998
1 3291948 7182009982102212111                                                998
1 3441948 7202009982102112521                                                998
3 3341948 7202009982102512111                                                998
4 2602948 6262009992001141214 99999992002552571511653                        999
1 558194811192102002002212511                                                200
1 56019481119210220  22212511                                                220
1 1361948 4202109972002212111                                                997
3 1421948 6 22109972002512111                                                997
1  341948 3172109982112112511                                                998
1 1671948 4302109982002112511                                                998
1 1941948 5312109982002112521                                                998
1 3311948 7182109982102212111                                                998
1 3461948 7202109982102112521                                                998
3 3371948 7202109982102512111                                                998
1 1381948 4202119972002212111                                                997
3 1441948 6 22119972002512111                                                997
1  331948 3172119982112112511                                                998
1 1681948 4302119982002112511                                                998
1 1951948 5312119982002112521                                                998
1 3321948 7182119982102212111                                                998
3 3381948 7202119982102512111                                                998
1 3471948 7202119982102112521                                                998
1 1401948 4202129972002212111                                                997
3 1461948 6 22129972002512111                                                997
1  351948 3172129982112112511                                                998
1 1691948 4302129982002112511                                                998
1 1961948 5312129982002112521                                                998
1 3331948 7182129982102212111                                                998
1 3481948 7202129982102112521                                                998
3 3391948 7202129982102512111                                                998
1 6031949 4 4220  2  21112511                                                  2
1 6531949 514220  22202212111                                                  2
1 559194811192202002002212511                                                200
1 562194811192202122002212511                                                212
1 1202948 4112202552201142121 99999992202552571799991                        255
3  832948 4 22203652201142121 99999992203652571711653                        365
3 1512948 4222203652572141113 948 4223659972611533131                        365
3 4002948 8 92203652201141113 99999993659973651212121                        365
3 4602948 9 62203652571141113 948 9 63652552611112213                        365
3 581194812162203652571111993                                                365
3 1102948 4112202002571141113 99999999972552571233719                        997
1 2212948 6172209982201141211 99999999972552551132719                        997
1 2672948 6282209982201142221 99999999979979991212111                        997
1 2822948 7 12209972201141211 99999999973659991212111                        997
1 2832948 7 12203652201141211 99999999973659991212111                        997
1  321948 3172209982112112511                                                998
1 1661948 4302209982002112511                                                998
1 1931948 5312209982002112521                                                998
2 2682948 6282209982201143221 99999999979979991212111                        998
1 3301948 7182209982102212111                                                998
3 3361948 7202209982102512111                                                998
1 3451948 7202209982102112521                                                998
3  952948 4 62209992201142121 99999992203659991211313                        999
1 2562948 6262209992201142421 99999992209999999912121                        999
1  462948 323255  22551141111 9999999  22552551711991                          2
2 1602948 423255  22551143121 9999999  22552571323141                          2
3 4141948 812255  22551114213                                                  2
2  492948 3242553652551141212 99999993652552611312183                        365
3 2701948 6292553652551114213                                                365
3 3131948 7112553652571114213                                                365
3 3672948 7282553652571642121 99999992553652571112991                        365
3 3971948 8 92553652571123993                                                365
3 4121948 8122553652571114993                                                365
3 4271948 8192553652571114213                                                365
3 4461948 8262553652571114213                                                365
3 4661948 9102553652571114213                                                365
9 556294811182553652551642111 94811182552552571112719                        365
3 6101949 4152553652551111423                                                365
2 3402948 7192559972551143121 99999999972552551112361                        997
9 4052948 8102559972551142121 99999992552552551112719                        997
2 4173948 8132559972571143121 99999999972552571142121 99999992552572551123171997
1 6241949 4252559972551112521                                                997
1 6501949 5 82559972551112521                                                997
3 6671949 5232559972551132163                                                997
3 4802948 9152573652571141113 948 9153652573651212719                        365
3 4971948 9222612552611523151                                                255
3 575194812 62613652611214213                                                365
3 4561948 9 6265  22611111993                                                  2
3 4481948 8262652552611112993                                                255
1 4581948 9 62652552611512213                                                255
3 4571948 9 62652552611112213                                                255
3 4551948 9 62652552611111993                                                255
9 564294811282652552651142221 94899992652612611212719                        255
2 6142949 4142652552651143221 94999992572612571223151                        255
1 6122949 4172652552651142221 94999992652552551223151                        255
2 6112949 4172652552651143221 94999992552652651223151                        255
9 569194811302652612611212719                                                261
1 6152949 4142652552651142221 94999992612572611223151                        261
1 4751948 9122653652611114251                                                365
1 6741949 5302653652652112521                                                365
3  272948 3142659972651141113 99999999972572579999999                        997
2   92948 2232909979992143111 948 2999972902002212111                        997
2   72948 2233159979992143111 948 2999973152002212111                        997
2   82948 2233459979992143111 948 2999973452002212111                        997
3  162948 3 8365  23651141113 9999999  22092091399993                          2
3  152948 3 8365  23651141913 9999999  23659991399993                          2
9  242948 312365  22611642121 99999993652612612112719                          2
9  252948 312365  22571642121 99999993652572572112719                          2
3  382948 318365  23651141113 9999999  2999  21999999                          2
2 1152948 328365  22651143121 9999999  29972652511991                          2
4  572948 330365  29991141114 9999999365  2  21111443                          2
3  802948 4 2365  22611141113 9999999  23652651211443                          2
1  751948 4 2365  22611133131                                                  2
1  842948 4 4365  22651142121 9999999365  22651412183                          2
3 1042948 410365  22651142121 9999999365  22651312183                          2
3 1022948 410365  22651642121 9999999365  22651133111                          2
2 1092948 411365  22651143121 9999999  29972652511991                          2
3 1572948 423365  29991141113 9999999  23652552911993                          2
3 1622948 425365  22651141113 9999999  29992571999993                          2
3 1712948 430365  22551141113 9999999  23652551112173                          2
1 1782948 517365  23651141211 9999999365  29991212121                          2
2 1852948 521365  22611143121 9999999  23659991212121                          2
2 1842948 521365  22651143121 9999999  23652551512993                          2
3 1832948 521365  22651141113 948 519  23652551212993                          2
3 1971948 6 3365  22611112173                                                  2
3 2631948 627365  22651112173                                                  2
1 2651948 628365  22651112111                                                  2
3 3551948 722365  22651112173                                                  2
3 3861948 8 4365  22611112173                                                  2
3 3902948 8 6365  22651141113 9999999  23652652111993                          2
2 3952948 8 7365  22651143121 9999999  23652652511993                          2
3 4152948 812365  23651141113 9999999  23659991112173                          2
3 4211948 815365  23651112173                                                  2
3 4371948 822365  22611112173                                                  2
1 4421948 823365  22611512173                                                  2
1 4491948 828365  22611512173                                                  2
3 4633948 9 8365  22611141113 948 9 8  23652571141113 948 9 6365  22611111993  2
3 4732948 911365  22651141113 9999999  22552559999999                          2
1 4791948 914365  23651212121                                                  2
3 4992948 924365  23651142111 948 999365  23651211313                          2
3 5002948 924365  23651142111 948 999365  23651211313                          2
3 5052948 925365  23651142311 948 9253652572651711433                          2
3 5091948 929365  22651111313                                                  2
3 523194810 7365  22651111313                                                  2
3 54629481111365  22611142221 9489999365  22651211423                          2
3 55139481113365  22201141213 9481113  2365  21142121 9999990  23659991211523  2
2 5922949 128365  22611143121 94999992652572571233131                          2
2 7063949 315365  23991141112 949 1313659973651143221 99999999973659991212121  2
1 7082949 321365  23991142221 99999993659972651511433                          2
2 7072949 321365  23991143221 99999999973659991212121                          2
1 6322949 427365  2  21142221 94999993652552651511433                          2
2 6312949 427365  2  21143221 9499999  22652652212121                          2
2 6302949 427365  2  21143221 9499999  22652651511433                          2
1 6361949 429365  2  21212121                                                  2
156392949 430365  2  21142221 94999993652552651511433                          2
2 1162948 3283652002651143121 99999992009972652511991                        200
1  701948 4 13652002571512183                                                200
3  682948 4 13652002571642121 99999993652002571512183                        200
1  761948 4 23652002611133131                                                200
3  812948 4 23652002611141113 99999992003652651211443                        200
1  852948 4 43652002651142121 99999993652002651412183                        200
3  861948 4 53652002651111993                                                200
3  902948 4 53652002651141113 948 4 53652002651111993                        200
3  992948 4 73652002611141113 948 4 52003652651111993                        200
3 1032948 4103652002651642121 99999993652002651133111                        200
3 1052948 4103652002651142121 99999993652002651312183                        200
2 1082948 4113652002651143121 99999992009972652511991                        200
3 1292948 4153652002551642121 99999993652002551212111                        200
2 1332948 4163652002571143121 99999992003652571212111                        200
3 1471948 4203652002571312183                                                200
3 1582948 4233652009991141113 99999992003652552911993                        200
1 1701948 4303652002571412183                                                200
3 2002948 6 63652009991141113 99999992003652551112173                        200
3 2112948 6 93652002571642121 99999993652002571132991                        200
3 2862948 7 33652002651642121 99999993659972571411433                        200
3 3892948 8 63652002651141113 99999992003652652111993                        200
2 3942948 8 73652002651143121 99999992003652652511993                        200
3 528194810113652002651111313                                                200
3 6271949 4223652002611111423                                                200
3 6331949 4283652002571111993                                                200
2 6372949 4293652002611143121 94999992003659991212121                        200
3 6381949 4293652002571111423                                                200
1 6401949 4303652002571112521                                                200
1 4613948 9 63652202611642121 948 9 62203652571141113 948 9 63652552611112213220
3 582294812163652203651141113 94812162203652571111993                        220
3  261948 3103652552651212213                                                255
3  431948 3213652552611212183                                                255
4  482948 3243652552611141214 99999993652552611312183                        255
3 1071948 4 93652552611312183                                                255
3 1992948 6 53652552651141213 99999992552552552132719                        255
3 2141948 6113652552651312183                                                255
1 2161948 6123652552651412183                                                255
3 2181948 6123652552651312183                                                255
3 2201948 6153652552651312183                                                255
3 2491948 6253652552571211433                                                255
1 2641948 6293652552651412183                                                255
3 3051948 7 93652552651312183                                                255
3 3171948 7133652552611312183                                                255
3 3831948 8 13652552651223993                                                255
3 3801948 8 23652552651112173                                                255
3 3961948 8 83652552611112173                                                255
3 4072948 8113652552571642121 99999993652552571123991                        255
3 4201948 8143652552571112993                                                255
3 4261948 8193652552571111993                                                255
3 4312948 8203652552651142121 99999993652552571623241                        255
314431948 8203652552611212173                                                255
3 4291948 8203652552611112213                                                255
1 4431948 8233652552611512173                                                255
1 4501948 8283652552611512173                                                255
1 4542948 9 33652552611142121 99999993652552611323301                        255
3 4591948 9 63652552611112213                                                255
3 4671948 9103652552571111993                                                255
3 4741948 9113652552611113993                                                255
1 5071948 9303652552611112991                                                255
3 698194810163652552651211433                                                255
3 536194810183652552651221133                                                255
2 555294811153652553651143121 94811152552552571112719                        255
3 577194812 93652552651311433                                                255
3 5972949 2 33652552611132993 949 2 49972652571311433                        255
3 5981949 2173652552611312183                                                255
1 6172949 4193652552651142111 94999993652552571511433                        255
150261948 3243652572651512213                                                257
352231948 6173652572651312183                                                257
352411948 6243652572651311433                                                257
352391948 6243652572651211433                                                257
1 6591949 5123652572651511433                                                257
9 1982948 6 43652652611142121 99999993652652611123719                        265
2 2322948 619365  22571141112 99999992652572651132999                        265
1 2341948 6233652652651223991                                                265
1 2351948 6233652652571223991                                                265
1 2912948 7 53659972651142321 99999992652612651132161                        265
1 4832948 9203652652651142121 94899993652652651211121                        265
3 521194810 63652652651321143                                                265
1 573294812 23652653651142111 94812 23652652611312131                        265
1 6731949 5303652652652112521                                                265
1 6751949 5303652652651132151                                                265
1  931948 4 63653759991112511                                                375
2 568294811293653993991142221 94899993993653991212142                        399
3   12948 2153659973651141213 948 2229979972001112111                        997
2   52948 2273659979991143111 948 2999973452002212111                        997
2   42948 2273659979991143111 948 2999973152002212111                        997
2   62948 2273659979991143111 948 2999972902002212111                        997
3  172948 3 83659973651141113 948 2229979972001212111                        997
3  182948 3 83659973651141113 99999999973659991112533                        997
3  391948 3203659972571412161                                                997
2  403948 3203659972571143121 99999999973659991141112 948 2229979972001212111997
3  421948 3213659972611211993                                                997
3  442948 3223659972611642121 99999993659972571312161                        997
3  552948 3263659973651141113 99999999972572579999999                        997
3  582948 3303659972611642121 99999993659972611212111                        997
3  602948 3303659972651142111 948 4 13659972651212183                        997
3  591948 4 13659972651212183                                                997
3  661948 4 13659972571212183                                                997
3  821948 4 23659972651412161                                                997
3 1061948 4 93659972651312183                                                997
3 1211948 4113659972651312183                                                997
3 1251948 4123659972651312183                                                997
1 1532948 4223659972611142421 99999993659972611233131                        997
3 1501948 4223659972611312183                                                997
3 1562948 4233659972651142121 99999993659972651312183                        997
3 1721948 5 13659973651111313                                                997
4 1762948 5 83659972611141114 99999993659972611533131                        997
1 1752948 5 83659972551142211 948 5133659972571212111                        997
2 1742948 5 83659972551143211 948 5109973652571612111                        997
2 1902948 5283659972611141112 99999993652552571112999                        997
3 2022948 6 63659973651141213 99999999972552551132719                        997
3 2091948 6 93659972651312183                                                997
3 2122948 610365  22611141213 99999999972552551132719                        997
3 2131948 6113659972651312183                                                997
3 2171948 6123659972651312183                                                997
1 2151948 6123659972651412183                                                997
3 2191948 6153659972651533131                                                997
3 2221948 6163659972571412161                                                997
3 2231948 6173659972651312183                                                997
3 2262948 6183659972651141113 948 6189972552571223991                        997
3 2251948 6183659972651312183                                                997
2 2302948 6203659972651143121 99999999973659991212121                        997
2 2312948 6223659972571141212 99999993652552571223991                        997
2 2362948 6233659972651143122 99999999973652651699993                        997
3 2391948 6243659972651211433                                                997
3 2411948 6243659972571211433                                                997
3 2481948 6253659972571311433                                                997
1 2692948 6293659972651141211 99999993659972571411433                        997
3 2791948 7 13659972571412161                                                997
1 2881948 7 33659972651212111                                                997
2 2902948 7 33659972651143221 99999999972552551632719                        997
1 2892948 7 33659972651142221 99999993659972571411433                        997
2 2923948 7 53659972651143221 99999999972652571142121 99999992652572651132161997
3 2951948 7 63659972651111313                                                997
2 3002948 7 73659972651143221 99999999973659991212111                        997
3 2992948 7 73659972651642221 99999993659972571511433                        997
3 2982948 7 83659972651142121 99999993659972651111993                        997
1 3062948 7 93659972651142421 99999993659972651412183                        997
3 3041948 7 93659972651312183                                                997
3 3092948 7103659972651642121 99999993659972651412183                        997
3 3102948 7103659972651142121 99999993659972651211313                        997
2 3112948 7103659972651143121 99999999973652579599993                        997
3 3082948 7103659972651141113 99999999973652579999993                        997
1 3152948 7123659972651142121 99999993659972651223991                        997
3 3183948 7143659979991642121 948 7 6997365  21143121 99999993659972571511433997
1 3192948 7143659979991142421 99999993659979991212121                        997
3 3201948 7153659972651211313                                                997
3 3282948 7173659972651142121 99999993659972651311993                        997
1 3412948 7203659972651142121 99999993652552571123111                        997
1 3422948 7203659972651142121 99999993652652611123111                        997
1 3532948 7213659972651142111 948 8 13652612611323301                        997
1 3522948 7213659972651142111 948 8 13652572571323301                        997
3 3561948 7223659972651311313                                                997
1 6821948 7303659973651112111                                                997
1 3681948 7313659973651212121                                                997
1 3981948 8 23659973651312121                                                997
1 6862948 8 23659973651142221 99999993659972651511433                        997
1 3822948 8 43659972611141211 99999993659972571123999                        997
2 3852948 8 53659972611143221 99999992553652651123991                        997
1 3842948 8 53659972611142221 99999993652552651423993                        997
2 4022948 8103659973651143221 99999999972552571623719                        997
2 4032948 8103659973651143221 99999999972552551612719                        997
1 4012948 8103659973651142321 99999993659972571511433                        997
3 4322948 8203659972651142121 99999993659972571623241                        997
1 4411948 8233659973651112121                                                997
3 4441948 8243659972651111313                                                997
1 4451948 8263659973651112991                                                997
3 6921948 8303659973651512121                                                997
1 6871948 8303659973651112521                                                997
1 6892948 8303659973651142221 99999993659972652123991                        997
1 4521948 8313659972611212121                                                997
1 6941948 8313659973651212121                                                997
3 6961948 9 73659973651512121                                                997
3 4641948 9 83659972651111313                                                997
2 5042948 9253659973651143121 94899999973652611212991                        997
2 514294810 23659973651143221 94810999973659991112991                        997
1 513294810 23659973651142221 94810993659979991212121                        997
3 516294810 33659973651142222 94899993659979991219993                        997
2 515294810 33659973651143311 94810 39972652511523301                        997
2 517294810 43659973651143121 94810999973659991212121                        997
1 518294810 43659973651142221 94810993659979991212121                        997
3 522194810 73659972651111313                                                997
3 526194810 93659972651111313                                                997
3 530294810123659972611142321 94810993652572651711433                        997
2 531294810133659972201143221 94899999973999991512999                        997
1 533294810133659972201142221 94899993652572651511433                        997
2 532294810133659972201143221 94899999972572591523171                        997
3 537194810193659972611312183                                                997
3 539194810253659973991642111 94899993659973991112521                        997
3 540294810283659973651141113 94899999973659991112533                        997
3 545294811113659972611142121 94899993659972651211423                        997
1 552294811133659972611142221 99999993659979991112521                        997
1 565294811293659973651142221 94899993652612611212161                        997
3 576194812 93659972651311433                                                997
3 578294812123659972651142111 949 4 13652652651511651                        997
1 579294812123659972651142111 949 4 13652652651132151                        997
4 5882949 1 33659979991141114 99999993652559991711663                        997
2 7022949 1313659973651143221 99999999973659991212121                        997
1 7032949 1313659973651142221 99999993659972651511433                        997
2 7012949 1313659973651143221 94999999972559991632151                        997
1 5952949 2 23659973651142221 99999993652572651511433                        997
2 5962949 2 23659973651143221 99999999972652571512183                        997
1 6181949 4233659979991112121                                                997
1 6222949 4263659972001142221 94999993652552571511433                        997
2 6202949 4263659972001143211 94999999972652651511433                        997
2 6212949 4263659972001143211 94999999973659991212121                        997
1 6392949 430365997  21142121 94999993659979991212121                        997
1 6451949 5 4365997  21112521                                                997
1 6462949 5 4365997  21142111 949 5123652552651511433                        997
1 6581949 5123659972571511433                                                997
1 6761949 5123659972651512183                                                997
3 6611949 5183659972651212183                                                997
1 6621949 5193659972651412183                                                997
1 6641949 5203659972651412183                                                997
1 6661949 5233659972201212121                                                997
3 6681949 5253659972651312183                                                997
3 6701949 5273659972651311313                                                997
3 6691949 5273659972651312183                                                997
3 6722949 5303659972201642321 94999993659972202112521                        997
1  941948 4 63753659991112511                                                365
1 2462948 6993949992901142121 99999999973659991112361                        997
2 2472948 6993949992901143121 99999999973659991112361                        999
2 3932948 8 7399365  21143121 99999993659979991112521                        365
1 538294810203993653991642122 94810203993653991112993                        365
2 544294811103993652201143122 94811103659979991112521                        365
2 550294811133993653991143121 94899993659979991212121                        365
2 567294811293993653991143221 94899993993653991212142                        365
2 3922948 8 7399997  21143121 99999999973659991112521                        997
2 543294811103999972201143122 94899999973659991112521                        997
2 549294811133999973991143121 94899999973659991212121                        997
2 566294811293999973991143221 94899993999973991212142                        997
1 1351948 4209972102002212111                                                210
3 1411948 6 29972102002512111                                                210
1 1371948 4209972112002212111                                                211
3 1431948 6 29972112002512111                                                211
1 1391948 4209972122002212111                                                212
3 1451948 6 29972122002512111                                                212
1 1122948 4119972559991141211 99999992552652651132161                        255
1 1312948 4159972552551142121 99999999972552551223141                        255
9 1302948 4159972552551142121 99999999972552551132719                        255
1 2241948 6189972552571223991                                                255
9 2542948 6259972552551142121 99999999972552551132719                        255
1 3872948 8 69972552571142121 99999999972552571123991                        255
1 4061948 8119972552571123991                                                255
1 4192948 8149972552551142421 99999999972652651112361                        255
1 4182948 8149972552551142421 99999999972552551112361                        255
1 6071949 4 89972552571112521                                                255
1 6081949 4 89972552571132161                                                255
1 6231949 4259972552551112521                                                255
1 6511949 5 89972552551132151                                                255
1 6491949 5 89972552551112521                                                255
1 583194812219972572572132991                                                257
1 1112948 4119972559991141211 99999992652552551132161                        265
1 2381948 6239972652571223991                                                265
3 572294812 19973653991141113 94811302652612611212719                        265
3 5911949 1189972652571211433                                                265
1 6561949 5129972652571511433                                                265
3  122948 2999972902001642111 948 2999972902002212111                        290
3  102948 2999973152001642111 948 2999973152002212111                        315
3  112948 2999973452001642111 948 2999973452002212111                        345
2  413948 3209973652571642121 99999999973659991141112 948 2229979972001212111365
3  472948 3239973652571142421 99999999973652571612111                        365
1 6772948 6 79973652001142421 99999999972552551112161                        365
1 2371948 6239973652571223991                                                365
3 2613948 6279973659991142121 99999999973659991141113 948 6243659972571211433365
1 2871948 7 39973652651112111                                                365
3 2932948 7 6997365  21141113 948 6243659972571211433                        365
3 6782948 7 69973659971141113 948 6243659972651211433                        365
1 6792948 7 69973659971142221 99999999973659991212121                        365
2 6802948 7 69973659971143221 99999993659972651511433                        365
2 2942948 7 6997365  21143121 99999993659972571511433                        365
1 3013948 7 8997365  21142121 9999999997399  21142121 9999999399999  21212142365
1 3502948 7229973659991142221 99999999973659991212121                        365
2 3512948 7229973659991143221 99999993659972571112991                        365
3 3641948 7269973652571112173                                                365
1 3662948 7289973659991142421 99999999973659991212111                        365
1 6811948 7309973653651112111                                                365
1 3691948 7319973653651112121                                                365
2 3792948 8 29973652571143321 99999993659972651612993                        365
3 3782948 8 29973652571142221 99999999973652571112993                        365
1 3991948 8 29973653651312121                                                365
1 6831948 8 29973653651212121                                                365
1 3812948 8 39973659991141211 99999993659972571511433                        365
3 3883948 8 69972552571141113 948 8 53659972611143221 99999992553652651123991365
3 4082948 8119973659991142221 99999999973659991612121                        365
2 4092948 8119973659991143221 99999993659972571511433                        365
9 4102948 8119973659991142121 99999999972552551112719                        365
9 4112948 8119973659991142121 99999999972552551123719                        365
9 4232948 8169973652571142121 99999999972552571112719                        365
1 4401948 8239973653651112121                                                365
1 6881948 8309973653651112521                                                365
3 6911948 8309973653651512121                                                365
1 6902948 8309973653651142221 99999999973652652123991                        365
1 4511948 8319973652611212121                                                365
1 6931948 8319973653651212121                                                365
3 6951948 9 79973653651512121                                                365
2 4953948 9229973659991143121 9489999365  29991141112 94899993652612611223151365
1 4962948 9229973659991142321 94899229973659991712121                        365
2 6972948 9229973659971143221 99999993659972651511433                        365
3 5063948 9259973652201141113 948 9253659973651143121 94899999973652611212991365
3 519194810 49973652201642221 94810999973659991212121                        365
4 541294810289973652201141114 94899999973659991112533                        365
1 520394810999973659991212121 94810 53653993651642221 94810993653993991212121365
3 574294812 29973652551142221 99999999972652551423151                        365
2 586394812319973659991143120 99999993659979991141112 99999993652559991711663365
3 5871949 1 39973652551212183                                                365
1 5942949 1319973652571142121 949 1319972572571323301                        365
3 7041949 2 49973652651211433                                                365
3 6011949 3209973652571423151                                                365
1 6191949 4239973659991112121                                                365
1 6292949 4269973652551142121 94999999972552551232151                        365
1 6252949 4269973659971142221 94999999972652651511433                        365
1 6262949 4269973659971142221 94999999973659991212121                        365
1 6432949 5 2997365  21142211 949 5259973659991212121                        365
2 6422949 5 2997365  21143211 949 5123652552651511433                        365
1 6441949 5 4997365  21112521                                                365
1 6472949 5 4997365  21142111 949 5239973659991212121                        365
2 6482949 5 5997365  21143111 949 5159973659991512121                        365
3 6632949 5199973652571141213 94999993659972651312183                        365
1 6651949 5239973652201212121                                                365
3 6712949 5279973652551141113 949 5273659972651312183                        365
2 5112948 9299973992201143122 94899993993659991219993                        399
2 571294811309973993991142221 94899993999973991212142                        399
1   21948 2229979972001212111                                                997
3   31948 3 69979972001512111                                                997
1  131948 3 69979972001112521                                                997
1 2591948 6269979972001112111                                                997
1 2781948 6309979972001112111                                                997
1 3211948 7159979972001212111                                                997
1 3771948 8 19979973651112111                                                997
9  142948 3 69979992001142921 99999999972552571233719                        999
1 1012948 4 89979992001142121 99999999979972001212111                        999
1 2032948 6 79979992001142121 99999999972552551911991                        999
1 2042948 6 79979992001142121 99999999972552571911991                        999
4 4042948 8109979992201141214 99999999972552571142421                        999
2 3492948 7209989992101141212 99999999982552559999999                        999
