3 2711907 427  2 901701211313                                                 90
3 1061907 3 5  2 911701211313                                                 91
3 1761907 321  291  911311313                                                 91
3 2231907 4 8  2 91 911321143                                                 91
3 2511907 419  2 91 911311313                                                 91
3 2682907 423  2 911701142121 9079999  29971701711313                         91
1 1682907 320  2 92  21142122 907 399  2 929951112991                         92
1 2341907 415  2 92  21112111                                                 92
3  901907 227  2 939991521321                                                 93
3 1051907 3 5  2 931701211313                                                 93
2 2172907 4 4  2 93 931143121 9079999 93 911701611523                         93
1 2453907 417  2 93  21141211 907 416 93  2  21143121 9079999  2997  21212111 93
3 2731907 429  2 93 911311313                                                 93
3 2741907 429  2 931701311313                                                 93
1  331907 2 9  2 94 921112111                                                 94
1 2331907 415  2 94  21112111                                                 94
9  922907 227  2109  21142121 9079999  29971091799999                        109
3  191907 2 6  29971701211313                                                997
2  402907 211  2997  21643121 9079999 91 939951211533                        997
2  402907 211  2997  21643121 9079999 93 919951211533                        997
2  412907 211  2997  21143121 9079999 91 939951112521                        997
2  412907 211  2997  21143121 9079999 93 919951112521                        997
2  462907 211  2997  21143121 9079999998997 921212142                        997
1  842907 225  2997  21142211 9079999  29979951511533                        997
3 1002907 3 2  2997  21642121 907 3 2  29971701121321                        997
1 1672907 320  2997  21142122 907 399  29979951112991                        997
1 1811907 322  29971701411313                                                997
2 1822907 322  2997  21143122 9079999997  29951511533                        997
3 1832907 322  2997  21142222 9079999  29979959999993                        997
3 2111907 4 1  29971701311313                                                997
3 2161907 4 4  29971701311313                                                997
1 2412907 416  2997  21142111 907 4999979979951511533                        997
2 2422907 416  2997  21143121 907 4999979979951511533                        997
2  602907 218  2999  21141212 9079999998997 921612142                        998
4 1522907 319  2999  21141114 9079999  2 91 911111999                        999
4 1613907 320  2999  21141214 9079999  29971701142121 9079999  29971701311313999
1 1662907 320  2999  21142122 9079999  29991099999991                        999
1 2042907 326  2999  21642122 9079999  29979951299993                        999
1 1702907 320 70 92  21142122 907 399 70 929951112991                         92
3 1211907 313 70 931701321143                                                 93
2  432907 211 70997  21143121 9079999 91 939951112521                        997
2  432907 211 70997  21143121 9079999 93 939951112521                        997
2  472907 211 70997  21143121 9079999998997 921212142                        997
2  422907 211 70997  21643121 9079999 91 939951211533                        997
2  422907 211 70997  21643121 9079999 93 919951211533                        997
1 1692907 320 70997  21142122 907 399 709979951112991                        997
2 2082907 329 70997 701142121 9079999 709979951212142                        997
1 2432907 416 70997  21142111 907 4999979979951511533                        997
2 2442907 416 70997  21143121 907 4999979979951511533                        997
4 1113907 3 7 70999  21141214 9079999 709979951142122 9079999 709979952299999999
1 2052907 326 70999  21642122 9079999 709979951299993                        999
3 1453907 318 90 97 901141213 907 399 97 90 901143121 907 399 90 97 901131121 97
3 2701907 424 909971091211313                                                997
2 1013907 3 2 91 92 911143121 907 399 92 91 911141212 9079999 92 91 911799999 92
3   52907 1 4 91 93 911141113 9061280 93 97 931412183                         93
3   91907 125 91 939951111523                                                 93
3  111907 2 4 91 939951111673                                                 93
3  121907 2 4 91 93 931112233                                                 93
2  142907 2 4 91 93 921142121 9079999 91 93 921112142                         93
2  153907 2 4 91 93 911143121 907 250 93998 921142121 9079999998997 921112142 93
1  232907 2 4 91 93 921142121 907 299 91 939951611513                         93
3  101907 2 4 91 939951111633                                                 93
3  271907 2 6 91 93 921512161                                                 93
3  392907 210 91 70 701141213 907 299 93 919951712313                         93
350021907 211 91 93 911211313                                                 93
3  512907 211 91 93 911142221 907 299 91 939951211533                         93
3  493907 211 91 93 911141213 907 299 93 919951142121 907 299 93 919951111523 93
3  502907 211 91 93 911141213 907 999 93 919951321143                         93
3  611907 219 91 939951111523                                                 93
3  652907 220 91 93 911141113 907 220 93 91 911211653                         93
3  672907 220 91 70 701141113 907 220 93 91 911211523                         93
3  742907 221 91999 911141113 907 260 93 91 911212233                         93
3  721907 221 91 93 911321143                                                 93
3  781907 222 91 93 911321143                                                 93
3  771907 222 91 93 911112363                                                 93
3  991907 3 2 91 931701211313                                                 93
3 1021907 3 3 91 93 931111523                                                 93
3 1031907 3 3 91 93 931111633                                                 93
3 1041907 3 5 91 939951321143                                                 93
1 1072907 3 6 91 93 931141111 907 3 5 91 93 931111633                         93
3 1161907 311 91 93 931211653                                                 93
3 1151907 311 91 93 931111523                                                 93
3 1201907 313 91 931701321143                                                 93
3 1311907 314 91 931701111513                                                 93
3 1381907 316 91 93 911211663                                                 93
3 1402907 317 91 93 911141113 907 126 93 91 911112233                         93
3 1901907 318 91 93 911211533                                                 93
1 1491907 318 91 93 911111131                                                 93
3 1461907 318 91 93 911111313                                                 93
3 1621907 320 91 93 911111523                                                 93
1 1941907 324 91 93 911511533                                                 93
3 2002907 325 91 931091142121 9079999 91 931091711993                         93
3 1981907 325 91 93 911211413                                                 93
1 2181907 4 4 91 93 911111621                                                 93
3 2191907 4 5 91 939951321143                                                 93
1 2211907 4 6 91 93 911111521                                                 93
3 2251907 4 9 91 93  21111413                                                 93
151382907 416 91 931091142121 907 499 91 93 931212121                         93
151481907 418 91 93 911212121                                                 93
2 2492907 419 91 93 911143121 907 499 93 91 911211521                         93
3 2531907 420 91 93 911111633                                                 93
3 2521907 420 91 93 911111523                                                 93
1 2561907 423 91 93 911112521                                                 93
3500119061299 91 97 971111433                                                 97
3   41907 1 4 91 97 931112233                                                 97
3 1221907 310 91 97 911211533                                                 97
1 1231907 313 91 97 911511533                                                 97
3 1241907 313 91 97 911111633                                                 97
3 2271907 4 9 91 97 911111523                                                 97
3 2661907 423 91 97 911111513                                                 97
1 1431907 317 913851701511423                                                385
3 1421907 317 913851701211423                                                385
4  382907 210 91 70 701141114 907 2509981091091512521                        998
1   72907 120 91999 921142121 907 120 91 93 921212121                        999
2  542907 214 91999  21142121 9079999 91998 921212142                        999
1  552907 214 91999  21142121 9079999 91998 921112521                        999
2  682907 220 91999 911143121 90799999999979951212999                        999
4  732907 221 91999 911141114 907 180 91 939951211533                        999
3 1722907 320 92  2  21642122 907 399  2 929951112991                          2
2 2092907 325 92  2  21143122 9079999  29979951599993                          2
4 2142907 4 4 92  2  21141114 9079999 92 93 911211993                          2
1 2351907 415 92  2  21112111                                                  2
2 2592907 423 92 93 911142121 9999999  21091091112142                          2
3 1742907 320 92 70  21642122 907 399 70 929951112991                         70
2 2102907 325 92 70  21143122 9079999 709979951599993                         70
2 2022907 326 92 70 701143122 9079999 709979951299993                         70
2 2612907 423 92 93 911142121 9999999 701091091112142                         70
1  831907 225 92 91 911121321                                                 91
1 2031907 326 92 91 911211521                                                 91
3  312907 2 8 92 93 921142111 907 2 8 939989921112533                         93
3  752907 221 92999 921141113 907 260 93 91 911212233                         93
3  711907 221 92 93 921112173                                                 93
3 1471907 318 92 93 911321143                                                 93
3 1911907 318 92 93 911211533                                                 93
1 1481907 318 92 93 911111131                                                 93
3 1631907 320 92 93 911111523                                                 93
1 1951907 324 92 93 911511533                                                 93
3 2201907 4 5 92 939951321143                                                 93
152382907 416 92 931091142121 907 499 92 931091212121                         93
152481907 418 92 93 911212121                                                 93
1 2651907 423 92 93 921113551                                                 93
1 2632907 423 92 93 911142121 9999999 92 92 911212111                         93
1 2551907 423 92 93 911112521                                                 93
1 2371907 415 92 94  21112111                                                 94
1 2392907 416 929971091142121 907 499 929971091212111                        997
1 2471907 418 92997 911212111                                                997
4  912907 227 92999 921141114 9079999 92 91 921111533                        999
2  322907 2 9 93  2  21143121 9079999  29979951112342                          2
4  593907 218 93  2  21141214 907 299 93 91 931642121 9079999 93 919951112521  2
2  852907 225 93  2  21143121 907 299  2 911701621321                          2
3 1141907 310 93  2 931123163                                                  2
4 1583907 320 93  2  21141114 907 314 93 91 911142121 907 399 93 91 911111673  2
2 1752907 320 93  2 911141122 9079999 93  2 911723991                          2
3 2132907 4 3 93  2  21141113 907 4 1  29971701311313                          2
2 2402907 416 93  2  21143121 9079999  2997  21212111                          2
2 2582907 423 93 92 911142121 9999999  21091091112142                          2
3 2721907 429 93  2 911112213                                                  2
2 2602907 423 93 92 911142121 9999999 701091091112142                         70
3   319061225 93 919951211313                                                 91
3  252907 2 4 93 919951141113 907 299 91 939951111999                         91
3  132907 2 4 93 91 931141113 907 250 91 93 931112233                         91
3  372907 2 4 93 91 931141113 907 250 91998 921112533                         91
3  242907 2 4 93 91 921642121 907 299 93 919951611513                         91
2  182907 2 4 93 91 921143121 9079999 91 93 931123241                         91
3  261907 2 6 93 91 921512161                                                 91
3  533907 211 93 91 931141213 907 299 91 93 911142121 907 299 91 939951211533 91
3  522907 211 93 91 931141113 907 180 91 939951112233                         91
350031907 211 93 91 931211353                                                 91
3  581907 217 93 91 931114213                                                 91
3  621907 219 93 919951111633                                                 91
3  641907 220 93 91 911211653                                                 91
3  631907 220 93 91 911212233                                                 91
3  701907 220 93 91 911111653                                                 91
3  691907 220 93 91 911111523                                                 91
3  762907 221 93 91 931142121 907 221 93 91 911712233                         91
3  791907 222 93 91 911111523                                                 91
3  811907 222 93 91 911311653                                                 91
3  822907 222 93999 931141113 907 180 91 939951211533                         91
3  801907 222 93 91 911111633                                                 91
3  871907 225 93 91 911111633                                                 91
3  891907 225 93 91 911111663                                                 91
3  861907 225 93 91 911111523                                                 91
3  881907 225 93 91 911211633                                                 91
3  951907 3 1 93 91 911111523                                                 91
3  961907 3 1 93 91 911311653                                                 91
3  981907 3 2 93 91 911311653                                                 91
3  971907 3 2 93 91 911111523                                                 91
3 1122907 3 7 93 91 931141113 907 299 91 939951211533                         91
3 1171907 312 93 91 911321143                                                 91
3 1261907 312 93 91 911211533                                                 91
3 1182907 312 93 911701142121 9079999 93 911701521321                         91
3 1191907 313 93 911701521321                                                 91
3 1252907 314 93 91 911142121 907 399 93 91 911111673                         91
3 1321907 314 93 911701111513                                                 91
3 1281907 314 93 91 911311653                                                 91
1 1271907 314 93 91 911511533                                                 91
3 1361907 315 93 91 911111523                                                 91
3 1371907 315 93 91 911111633                                                 91
4 1412907 317 93 91 931141114 907 126 93 91 911112233                         91
3 1531907 317 93 91 911211533                                                 91
3 1881907 318 93 91 911311533                                                 91
3 1511907 318 93 91 911311653                                                 91
3 1501907 318 93 91 911111523                                                 91
3 1591907 320 93 91 911111523                                                 91
1 1602907 320 93 91 911141121 907 399 93 91 911111523                         91
3 1641907 320 93 91 911111523                                                 91
3 1551907 320 93 91 911311653                                                 91
1 1541907 320 93 91 911511533                                                 91
3 1651907 320 93 91 911311653                                                 91
3 1771907 321 93 91 911111523                                                 91
3 1781907 321 93 91 911311653                                                 91
3 1792907 322 93 91 911142121 907 399 93 91 911111523                         91
3 1801907 322 93 911701321143                                                 91
3 1961907 324 93 91 911111633                                                 91
3 1851907 324 93 91 911311653                                                 91
3 1841907 324 93 91 911111523                                                 91
3 1862907 324 93 91 911142111 907 325 93 91 911311653                         91
3 1991907 325 93 91 911311653                                                 91
3 2061907 326 93 91 911211533                                                 91
1 2121907 4 2 93 91 911511533                                                 91
3 2221907 4 8 93 91 911311653                                                 91
4 2263907 4 9 93 91  21141114 907 4 9 93  2  21142121 907 4 9 93 91  21111653 91
3 2241907 4 9 93 91  21111653                                                 91
3 2291907 4 9 93 91 911111513                                                 91
153382907 416 93 911091142121 907 499 91 93 911212121                         91
1 2461907 418 93 91 911211521                                                 91
153481907 418 93 91 911212121                                                 91
1 2503907 419 93 91 911141111 907 419 91 93 911143121 907 499 93 91 911211521 91
3 2692907 423 93 91 911142121 9079999 93 91 911711653                         91
3  941907 3 1 93 92 931321143                                                 92
3 1561907 317 93 92 911211533                                                 92
3 1891907 318 93 92 911311533                                                 92
1 1571907 320 93 92 911411533                                                 92
3 1971907 324 93 92 911111633                                                 92
1 1931907 324 93 92 911511533                                                 92
154481907 418 93 92 911212121                                                 92
1 2641907 423 93 92 911113551                                                 92
1 2622907 423 93 92 911142121 9999999 93 92 911212111                         92
1 2541907 423 93 92 911112521                                                 92
1 2751907 516 93 92 931141111 907 423 93 92 911112521                         92
1   219061225 93 97 931412183                                                 97
1 1351907 315 93 97 911212161                                                 97
1 2301907 4 9 93 97 911511513                                                 97
1 2312907 414 93 97 911142121 907 499 93 97 911132161                         97
2  162907 2 4 93998 931142121 9079999998997 921112142                        998
1   82907 120 93999 921142121 907 120 93 91 921212121                        999
2  562907 214 93999  21142121 9079999 93998 921112142                        999
1  572907 214 93999  21142121 9079999 93998 921112521                        999
1 1873907 324 93999 911141111 9079999 93 91 911142121 9079999 93 91 911211533999
1 2012907 325 93999 931142122 907 399 93 91 911112991                        999
4 2152907 4 4 93999 931141114 907 325 93 91 911111673                        999
1 2572907 423 93999 911142121 9079999 931091091212111                        999
1  341907 2 9 94  2 921112111                                                  2
9 1342907 315 94  2  21142121 907 399 949979951112999                          2
4 1332907 315 94  2  21141114 9079999 949979951111999                          2
1 2361907 415 94  2  21112111                                                  2
1  363907 2 9 94 91 921142121 907 299 94 91 921143121 907 299 91 939951611513 91
1 9371907 415 94 92  21112111                                                 92
3  302907 2 8 94 93 921142111 907 2 8 93998 921112533                         93
1  353907 2 9 94 93 921142121 907 299 94 93 921143121 907 299 93 919951611513 93
2 2071907 329 94 97 941212362                                                 97
2 1442907 399 97 90 901143121 907 399 90 97 901131121                         90
3   119061225 97 91 931112233                                                 91
3   61907 1 4 97 91 911114113                                                 91
3  661907 220 97 91 911132163                                                 91
3 1081907 3 7 97 91 911111523                                                 91
3 1091907 3 7 97 91 911211653                                                 91
3 1301907 314 97 91 911111633                                                 91
3 1291907 314 97 91 911111523                                                 91
3 2281907 4 9 97 91 911111523                                                 91
3 2671907 423 97 91 911111513                                                 91
1 2322907 414 97 93 911142121 907 499 97 93 911132161                         93
2  442907 211109997  21643121 9079999 91 939951211533                        997
2  442907 211109997  21643121 9079999 93 919951211533                        997
2  452907 211109997  21143121 9079999 91 939951112521                        997
2  452907 211109997  21143121 9079999 93 919951112521                        997
2  482907 211109997  21143121 9979999998997 921212142                        997
3  932907 227109  2  21141213 9079999999997  21121321                        999
3 1712907 320997  2  21642122 907 399  29979951112991                          2
3 1732907 320997 70  21642122 907 399 709979951112991                         70
1 2382907 416997 921091142121 907 499997 921091212111                         92
1 2481907 418997 92 911212111                                                 92
2  202907 2 4998 91 921643121 9079999 91 939951111513                         91
2  212907 2 4998 93 921643121 9079999 93 919951111513                         93
2  171907 2 4998997 921212142                                                997
2  222907 2 4998997 921642221 907 260998997 921112142                        997
2  291907 2 8998997 921512142                                                997
