                                                                                
                                                                                
2  4029781212  2199  21143121 99999991991559991112111                        199
2  4129781212  2199  21143121 99999991991609991112111                        199
1 130197810121351451451112111                                                145
3 139197812181351551351211313                                                155
1 129197810121351601451112111                                                160
1 124197810181401551551112111                                                155
1 131197810121451351451112111                                                135
3 149297810181451551451142321 99999991451551551111523                        155
1 127197810121451601451112111                                                160
1 133197810251451601601112111                                                160
1 134197810251451601601112991                                                160
2  6029781217155  21551143121 9999999  21609961212152                          2
1 125197810181551401551112111                                                140
3   61978 1 11551601551211313                                                160
2   12978 1 61559991551141112 978 1501601551711211313                        160
2   51978 1111551601551132132                                                160
3  731978 1111551601601412161                                                160
2   72978 1141551601551143121 99999991601559991112111                        160
1   82978 1141551601551142121 99999991551609991112111                        160
3  981978 1181551601551311313                                                160
2  993978 1181551601601143121 99999991601559991142121 99999993911609991212142160
3 1541978 1181551601551111313                                                160
3   41978 1191551601551132243                                                160
1   91978 1191551601601112111                                                160
1  112978 1191551601601142111 978 1261551609991112111                        160
1 1031978 1191551601601112521                                                160
1 1052978 1191551601601642321 99999991551601601211523                        160
2 1072978 1191551601601142121 99999991551609992212342                        160
3  132978 1241551601551642111 978 1261551609991112111                        160
3  162978 1261551601551642121 99999991551609991212121                        160
2  172978 1311551601551143121 99999991601551601411313                        160
3 1082978 2 41551601551642311 978 2 61551609991212121                        160
1 1101978 2111551601551112111                                                160
1  211978 2201551601551112521                                                160
1  232978 2201551601551142111 978 3 11551601551212121                        160
1  241978 3 11551601551212121                                                160
3  933978 3101551601551141113 978 1251602001601642111 977 4182001602001112531160
2 1522978 6181551601551143121 99999991601559951132111                        160
3 1142978 7181551601551142221 99999991551601551211523                        160
3 1161978 7181551601551311313                                                160
3 1171978 8151551601601512121                                                160
3 1513978 8181551601551141113 99999991601559991143121 99999991551609991199999160
1 1562978 8181551601551642121 99999991551601601211533                        160
3  502978 8291551601601142311 97811 21551601601512121                        160
1 1201978 9251551601601212121                                                160
3  27197811 21551601551512121                                                160
2  57397811 21551601551143121 99999991601559991142121 99999993911603911212142160
3  53297811 31551601551142221 99999991551601551111533                        160
3  54197811 31551601551311313                                                160
1 148297811 41551601551142121 99999991551609951432243                        160
3  59197811 81551601551311313                                                160
2 136397811181551601551143121 99999991601559991142121 99999999991609991212142160
3 138297811181551601551141113 99999991551609991712121                        160
1  30197812121551601601112111                                                160
2  81397812141551601551143121 99999991601559991142121 99999991991601991212142160
3  34197812151551601551211333                                                160
1  641979 1 81551601651112521                                                160
1  662979 1 81551601651142121 99999991551601551511313                        160
1  672979 1 81551601651142121 99999991551601711511313                        160
110341979 1 81551601551511333                                                160
1 1411979 1111551601651112521                                                160
1 1422979 1111551601651642121 99999991551601601211523                        160
1 1471979 1111551601651511313                                                160
2  82297812141551601551142121 99999991991551991212142                        199
2  61397812221551991551143121 99999991991609991143121 99999991601551551611523199
1  912978 1261551601551142111 977 4182001552001112531                        200
1  942978 2201551601551142111 977 4182001552001112531                        200
2  33297812131551601551142121 99999993281559991212142                        328
1  63197812291553281551112111                                                328
2  702979 1 81551601651142121 99999993281553281212142                        328
2 1452979 1111551601651142121 99999993281559991212142                        328
2 1002978 1181551601601142221 99999993911559991212142                        391
2  58297811 21551601551142121 99999993911553911212142                        391
2 137297811181551601551142221 99999999991559991212142                        999
1 128197810121601351451112111                                                135
1 126197810121601451451112111                                                145
1 132197810251601451601112111                                                145
3  952978 1 41601551601142421 99999991601551601211523                        155
3   22978 1 81601551601142121 99999991601551711311313                        155
3  721978 1 91601551711211313                                                155
3  741978 1111601551551412161                                                155
1  752978 1111601551601642121 978 1601551601551132143                        155
3   31978 1121601551601112213                                                155
1  472978 1181601551601142111 978 1191601551601112111                        155
3  961978 1181601551601211333                                                155
3  971978 1181601551711311313                                                155
1  101978 1191601551601112111                                                155
1  122978 1191601551601142111 978 1261601559991112111                        155
3  481978 1191601551601112213                                                155
1 1021978 1191601551601112521                                                155
1 1042978 1191601551601642321 99999991601551551211523                        155
2 1062978 1191601551601142121 99999991601559992212342                        155
2  142978 1251601551601143121 99999991551609991212121                        155
1  152978 1251601551601142121 99999991601559991212121                        155
3  182978 2 31601551601142121 99999991601551601111533                        155
3 1091978 2 41601551601312183                                                155
3  191978 2101601551711311313                                                155
1 1111978 2111601551551112111                                                155
1  201978 2201601551551112521                                                155
1  222978 2201601551551142111 978 3 11601551551212121                        155
1  251978 3 11601551551212121                                                155
3  761978 5 41601551601111993                                                155
3 1121978 6181601551601112213                                                155
3 1532978 6181601551601642121 99999991601559951132111                        155
3 1131978 7 41601551601423151                                                155
3 1152978 7181601551601141113 99999991551601551112993                        155
3 1181978 8151601551601512121                                                155
3 1502978 8251601551601141113 99999991551609991512991                        155
3 1552978 8251601551601142121 99999991601551551211533                        155
3  492978 8291601551601142311 97811 21601551601512121                        155
3  511978 8291601551601711313                                                155
3  521978 9111601551551111443                                                155
3 1191978 9111601551601211313                                                155
1 1211978 9251601551601212121                                                155
3  26197810111601551601211353                                                155
9 135197810251601551601121719                                                155
3  28197811 21601551551512121                                                155
3  80197811 31601551711311313                                                155
2  55297811 41601551601143121 99999991551609991212121                        155
1  56297811 41601551601142221 99999991601559991212121                        155
3  77197811171601551551412161                                                155
2  78297811171601551601143121 99999991551609991212121                        155
3  79297811171601551601642321 99999991601551551312161                        155
1  31197812121601551601112111                                                155
2  32397812121601551601143121 99999991551609991142121 99999993281559991212142155
3  35197812151601551601211333                                                155
1  36297812161601551601142121 99999991601559991712121                        155
1  37297812161601551601642121 99999991601551551111523                        155
1  651979 1 81601551651112521                                                155
1  682979 1 81601551651142121 99999991601551601511313                        155
1  692979 1 81601551651142121 99999991601551711511313                        155
110351979 1 81601551601511333                                                155
1 1401979 1111601551651112521                                                155
1 1432979 1111601551651642121 99999991601551551211523                        155
1 1462979 1111601551651511313                                                155
3  872978 1251601551601642111 977 4182001602001112531                        200
3  882978 1251602001601642111 977 4182001602001112531                        200
3  892978 1251602001601141113 977 4182001602001112223                        200
3  902978 1251601551601141113 977 4182001602001112223                        200
2  46297812211601551601642121 99999993281609991112142                        328
1  45197812261603281601212111                                                328
2  712979 1 81601551651142121 99999993281603281212142                        328
2 1442979 1111601551651142121 99999993281609991212142                        328
3 594297712291601551601642121 99999993911559991112531                        391
2 1012978 1181601551601642121 99999993911609991212142                        391
2  29297811 71601551601142121 99999999991609991112142                        999
1  861977 4182001552001112531                                                155
1  851977 4182001602001112531                                                160
1  922978 1302001602001142111 977 4182001602001112531                        160
2 1222978 9253281551551143121 99999991551601601611523                        155
2 162297810 43281551551143121 99999991551601601611523                        155
2  84297812113281553281143121 99999991551609991712121                        155
2  38297812123281553281143121 99999991551609991712121                        155
2  43397812223289993281141112 99999991551609991142121 99999993281559991212142155
1  62197812293281551551112111                                                155
2 1572979 1 43281551551142121 99999991551609951132132                        155
2 1582979 1 43281601601142121 99999991551609951132132                        155
2 1232978 9253281601601143121 99999991601551551611523                        160
2  83297812113281603281143121 99999991601559991712121                        160
2  39297812123281603281143121 99999991601559991712121                        160
2  42397812223289993281141112 99999991601559991142121 99999993281609991212142160
1  44197812263281601601212111                                                160
3 1592979 1 43281551551142121 99999991601559951132243                        160
3 1602979 1 43281601601142121 99999991601559951132243                        160
2 161297910 43281601601143121 99999991601551551611523                        160
