2 2982965 813  27507501143121 96599997507709991611533                        750
2 2971965 813  27507501143121 96599997507709991112991                        750
1 3501965 823  27507501112111                                                750
2 3842965 829  2750  21143121 96599997507709991112521                        750
1   329641221  27707701142121 9699999  27707701222131                        770
1   219641221  27707701112521                                                770
2  952965 425  2770  21143121 96599997707507531511513                        770
3  922965 425  2770  21141113 96599997707507531711513                        770
3 1172965 427  2770  21141113 96599997707507531711593                        770
3 2572965 713  2770  21142121 9659999  27707701522111                        770
2 3852965 829  2770  21143121 96599997707509991112521                        770
1 1363965 5 1 20999 201141111 965 5 12007502001143121 96599997507707531511553200
1 1373965 5 1 20999 201141111 965 5 12007702001143121 96599997707507531232143200
1 2221965 611 20750 201112111                                                750
2 1232965 4292007502001143121 96599997507707531411593                        750
2 1332965 5 12007502001143121 96599997507707531511553                        750
2 8082965 5 42007502001143421 96599997507707541511533                        750
2 8132965 5152007502001143421 96599997507707514511533                        750
2 8152965 5272007502001143421 96599997507707541511533                        750
2 2352965 6282007502001143421 96599997507707531511553                        750
2 1242965 4292007702001143121 96599997707507531511593                        770
2 1322965 5 12007702001143121 96599997707507531511553                        770
1 1411965 5 22007707701112111                                                770
2 8092965 5 42007702001143421 96599997707507541511533                        770
2 8142965 5152007702001143421 96599997707507541511533                        770
2 8162965 5272007702001143421 96599997707507541511533                        770
2 2342965 6282007702001143421 96599997707507531511553                        770
1 4052965 9 12009992001142121 96599997707507531511593                        770
2 4061965 9 12009992001142121 96599992009989991612142                        999
1  181965 2 52207707701212111                                                770
3  221965 2 82207707701512111                                                770
3  211965 7 82207707701512111                                                770
1   92965 1 43657503651142121 96599993657507501212111                        750
1 7562965 1103659993651141111 966 1107507703651112521                        750
1  361965 3 83657507501321111                                                750
2 1692965 5 83657503651143121 96599997507709991212121                        750
1 1842965 5113657503651142121 96599993657507501322111                        750
1 1812965 5123657503651142121 96599993657507501322111                        750
1 1791965 5123657503651212111                                                750
1 1802965 5123657503651142121 96599993657507501722111                        750
1 1852965 5173657503651142121 96599993657507501322151                        750
3 1911965 5183657503651512111                                                750
1 3471965 8223657507501112111                                                750
2 3602965 8243657503651143122 96599997507707531611999                        750
1  501965 4 33657703651212111                                                770
1  542965 4 83657703651142121 96599993657707701322121                        770
1  532965 4 83657703651142121 96599993657707701213131                        770
1  562965 4 83657703651142121 96599993657707701222131                        770
3  571965 4113657703651512111                                                770
2 1682965 5 83657703651143121 965 5 83657703651112121                        770
1 2111965 6 53657707701112521                                                770
1 2122965 6 53657707701142922 99999993657709991212991                        770
2 3612965 8243657703651143122 96599997707507531611999                        770
1  202965 2 63997503991142121 96599993997507501222111                        750
3 2172965 6 73997507531141113 96599997507707531711593                        750
1 2512965 6303997503991141111 965 6307507707701112521                        750
2 2792965 8103997503991143122 96599997507707531919999                        750
2 2992965 8133997503991143121 96599997507707531611999                        750
1 3181965 8163997503991112111                                                750
2 3222965 8163997503991143122 96599997507707531611999                        750
1 3241965 8173997503991112111                                                750
1 3361965 8183997503991112111                                                750
3 3562965 8243999993991141113 96599997507707539711999                        750
3 3582965 8243997503991142121 96599993997507501612111                        750
1 3801965 8283997503991112111                                                750
2 4042965 9 13997503991143121 96599997507707531511493                        750
2 3962965 9 13997503991143121 96599997507707531421133                        750
3 2162965 6 73997707531141113 96599997707507531711593                        770
1 2502965 6303997703991141111 965 6307707507701112521                        770
2 2802965 8103997703991143122 96599997707507531919999                        770
3 3052965 8143997703991141113 96599997707507531711999                        770
1 3211965 8163997703991112111                                                770
2 3232965 8163997703991143122 96599997707507531611999                        770
1 3261965 8173997703991112111                                                770
1 3341965 8183997703991112111                                                770
3 3551965 8243999993991141113 96599997707507531711533                        770
3 3572965 8243997703991142121 96599993997707701612111                        770
2 3952965 9 13997703991143121 96599997707507531421133                        770
1  451965 3317107536151112111                                                753
1  241965 3 27107707101212111                                                770
3  301965 3 67107707101512111                                                770
2  292965 3 67107707101143121 9659999770750 151212121                        770
1  471965 4 27107707701112111                                                770
1 1742965 5107107707101142121 96599997107707101412183                        770
1 1721965 5107107709991112521                                                770
1 2051965 6 27107707701212111                                                770
3 2071965 6 37107707701512111                                                770
1 2092965 6 37107707701141111 965 6 27107707701212111                        770
3  332965 3 77109997102141113 96599999989989981732132                        998
3 1831965 516740  27501114213                                                  2
1 2422965 6297407707501142121 96599997507709991212121                        750
1  131965 128750  27501112111                                                  2
1  271965 3 3750  27501112111                                                  2
3  832965 420750  27501142121 9659999750  2  21612111                          2
1 1271965 430750  27501112111                                                  2
1 2271965 617750  2  21112521                                                  2
1 2961965 813750  27551112111                                                  2
1 3511965 823750  27501112111                                                  2
1 2211965 611750 20 201112111                                                 20
3 8102965 5 57502007501642121 96599997507707541511533                        200
1 1781965 5127503653651212111                                                365
3 1901965 5187503653651512111                                                365
1 3461965 8227503657501112111                                                365
1 5011954 9127503997501212121                                                399
1 3302965 5177503993991141111 965 8167507707531211553                        399
1 2292965 6187503997501142221 96599997507707531411553                        399
2 2302965 6187503997501143221 96599993999987531212152                        399
2 2313965 6187503997501143121 96599993997703991143121 96599997707507531233131399
3 3003965 8137503997501141113 965 8133997503991143121 96599997507707531611999399
1 3061965 8147503993991112111                                                399
1 3191965 8167503993991112111                                                399
1 3251965 8177503993991112111                                                399
1 3371965 8187503993991112111                                                399
1 3811965 8287503993991112111                                                399
3 3042965 8157507107531141113 96599997107509991214113                        710
3   6296412297507537501142221 96499997507537531219993                        753
2   5396412297507537501143121 96899997537507531543121 96099997507537531232151753
2  101965 1 97507537531332132                                                753
3 1662965 5 87507537501141113 965 3317537106151112111                        753
3 1601965 5 87507537531112173                                                753
3 1673965 5 87507537501141113 96599997537707531141111 96599997707507539999999753
1 1752965 5107507537501141111 965 5107537507531614223                        753
2 2692965 8 97507537531143122 96599997537707531211999                        753
3   4396412207503993991141113 96499997707507701642121 96099997707509991212121770
3  121965 1117507707531111513                                                770
3 8002965 1257507707544141113 96599997707507543131132                        770
320181965 1277507707541211313                                                770
3  161965 2 37507707531111513                                                770
3  172965 2 37507707501141113 96599997707507531711523                        770
1 8041965 2157507709991112121                                                770
3  392965 3 17507707501141113 96599997707507531711523                        770
3  283965 3 57503993991141113 96599997707507701142121 96599997707507531232143770
3  381965 3 87507707531111513                                                770
1  432965 3207507707501141111 965 3137507707701211553                        770
350011965 3207507707541111513                                                770
320241965 3307507707541311313                                                770
320271965 4 47507707541111513                                                770
320281965 4 57507707541111513                                                770
320291965 4 87507707541111523                                                770
3  601965 4 97507707531111513                                                770
320301965 4 97507707541211533                                                770
3  611965 4107507707501211313                                                770
3  672965 4117507707501141113 965 4 97707507531111523                        770
1  711965 4127507707701112111                                                770
3  691965 4127507707531111513                                                770
2  682965 4127507707501143121 96599997707507531511553                        770
1 8282965 4147507707501142221 96599997507709991112121                        770
1  751965 4147507707501112111                                                770
1 8272965 4147507707501142221 96599997507707542511533                        770
2 8472965 4147507707501143221 96599997707507542511533                        770
3  782965 4157507707501141113 96599997707507531711553                        770
2  792965 4157507707501143121 96599997707507531511553                        770
2  812965 4167507707501143121 96599997707507531514113                        770
3  802965 4167507707501141113 96599997707507531214113                        770
3 8291965 4197507707541111513                                                770
3 8311965 4207507707541111513                                                770
3 8072965 4247507707501642121 96599997507707541111521                        770
3  872965 4247509997501141113 965 4237707507531211533                        770
3  882965 4257509997501141113 965 4257707507531711533                        770
3  982965 4257509997501141113 965 3 27707107101212111                        770
3  962965 4257509997501141113 96599997707507701211353                        770
3 1102965 4267509997501141113 965 4257707507501111523                        770
3 1181965 4267507707531111513                                                770
3 1081965 4267507707501211333                                                770
3 1092965 4267509997501141113 965 4267707507531111523                        770
320342965 4287507707501142121 96599997507709991211533                        770
4 1212965 4287509997501141114 965 4277707507531111633                        770
3 1222965 4297507707501141113 96599997707507531711553                        770
3 1252965 4297509997501141113 96599997707507531711553                        770
120411965 4997507707541511313                                                770
320451965 4997507707501311333                                                770
2 1392965 5 17507707501143121 96599997707507531511553                        770
3 1382965 5 17507707501642121 96599997507707531132111                        770
3 1523965 5 37507707501141113 965 5 17707507701142221 96599997707507531211533770
1 1532965 5 37507707501642121 96599997707507531232143                        770
3 1562965 5 47507707501141113 96599997707507701311313                        770
3 1631965 5 47507707531111513                                                770
1 1592965 5 57507707501142121 96599997507707531611593                        770
3 1642965 5 77509997501141113 965 5 67707507531111523                        770
3 1572965 5 97507707501141113 96597997707507701311323                        770
1 1762965 5117507707501142221 96599997507709991212121                        770
2 1772965 5117507707501143222 96599997707509999999999                        770
320471965 5157507707531111533                                                770
3 1861965 5177507707531211553                                                770
3 1942965 5207509997501141113 965 5177707507531111523                        770
3 3411965 5207507707531321133                                                770
3 1962965 5227507707501141113 965 5227707507501111443                        770
3 1952965 5227509997501141113 96599997707507531711523                        770
3 1971965 5247507707531111513                                                770
3 2022965 5287503993991141113 96599997707507701311313                        770
3 2001965 5287507707531111513                                                770
3 2191965 6 77507707531111513                                                770
3 2231965 6167507707531111513                                                770
1 8171965 6177507702001112121                                                770
120542965 6287507707501142121 965 6997507709991212111                        770
220552965 6287507707501142121 965 6997507709991212142                        770
1 2371965 6297507709991112521                                                770
1 2402965 6297507707501142121 96599997507707531411553                        770
1 2392965 6297507707501142111 965 6297507707531511593                        770
3 2481965 6307507709991111513                                                770
1 2441965 6307507707701112521                                                770
1 2462965 6307507707701142111 965 7 77507707531511553                        770
120511965 6997507702001112111                                                770
150071965 7 87507707501511313                                                770
1 2561965 7 87507709951111521                                                770
150111965 7 87507707501511333                                                770
150081965 7 87507707541511533                                                770
3 2601965 8 47507707531111513                                                770
3 2621965 8 67507707531111513                                                770
3 2641965 8 87507707531321133                                                770
3 2652965 8 87507707501141113 96599997707507531214113                        770
3 2682965 8 97507537531141113 96599997707537531214133                        770
3 2661965 8 97507707531111513                                                770
3 2713965 8107507707501141113 96599997707507701142121 96599997707507531214133770
3 2751965 8107507707531111513                                                770
3 2732965 8107507707501141113 96599997707507531214113                        770
3 2742965 8107507707501141113 965 8107707507531114123                        770
3 2882965 8117507707501141113 96599997707507531321133                        770
3 2842965 8117507707531142221 96599997507707701211553                        770
2 2852965 8117507707531143121 96599997707537531514113                        770
3 2861965 8117507707531111513                                                770
3 2811965 8117507707531111513                                                770
3 2891965 8117507707501211663                                                770
3 3321965 8117507707531111513                                                770
3 2922965 8127507707501141113 96599997707507531214113                        770
3 3011965 8137507707531311663                                                770
2 2942965 8137507707501143121 96599997707507531611553                        770
3 3021965 8137507707531111513                                                770
3 2952965 8137507707501141113 96599997707507531214113                        770
3 2932965 8137507707501142221 96599997507709991211533                        770
3 3132965 8157507707501642121 96599997507709991212121                        770
3 3152965 8157507707501141113 965 8157707507531114123                        770
3 3143965 8157507707501141113 96599997707507701142122 96599997707507531311999770
3 3171965 8167507707501114213                                                770
3 3161965 8167507707531311553                                                770
3 3312965 8187507707501142121 965 8207507709991612121                        770
3 3452965 8217507707501141113 96599997707507531214113                        770
3 3432965 8217507707501142222 96599997507709991211533                        770
2 3442965 8217507707501143122 96599997707507531511533                        770
3 3481965 8217507707531111513                                                770
3 3531965 8227507707531111513                                                770
3 3621965 8247507707531311553                                                770
1 3632965 8247507707501141111 965 8247507707531311553                        770
3 3651965 8247507707531111513                                                770
3 3691965 8257507707531311553                                                770
3 3713965 8267509997501141113 96599997703997531642121 96599993999987531712342770
3 3741965 8267507707531111523                                                770
3 3763965 8277507707501141113 965 8267707507701141113 965 8267507707531111523770
3 3781965 8287507707531111523                                                770
3 3861965 8297507707531111513                                                770
3 3821965 8297507707531111633                                                770
3 3901965 8307507707531311553                                                770
3 3941965 8317507707531111513                                                770
3 3971965 9 17507707531111513                                                770
3 4032965 9 17507707501141113 965 9 17707507531211553                        770
3 1582965 5 47509997501141213 96599999987509991212142                        998
1 1932965 5207509997501141111 965 5197507707531111513                        999
1 1922965 5207509997501141111 965 5127503653651212111                        999
3 2142965 6 67509997501141213 96599997507707531211533                        999
1 2152965 6 67509997501141111 96599997507707531711593                        999
3 2532965 7 17509997501142121 96599997507707531711313                        999
1 2522965 7 17509997501141111 965 6307507707701112521                        999
4 3083965 8147509997501141114 965 8137503997501141113 96599993997509999999999999
1 3122965 8157509997501141111 96599997507707531711513                        999
1 3702965 8257509997501141111 965 8257507707531311553                        999
1 3772965 8277509997501141111 965 8267507707531111523                        999
3 3922965 8317509997501142121 96599997507707531711553                        999
1 3912965 8317509997501141111 96599997507707531711553                        999
1  461965 3317537106151112111                                                710
3 1651965 5 87537507531114223                                                750
3 1701965 5 97537507531114223                                                750
3 1821965 5147537507531214213                                                750
3 2201965 6 97537507531114213                                                750
2 2772965 8107537507531143121 96599997507537531611553                        750
3 2782965 8107537507531142221 96599997537507531211533                        750
2 2912965 8117537507531143121 96599997507537531611533                        750
3 2902965 8117537507531142221 96599997537507531211533                        750
1 2832965 8117537707531141211 96599997507707531211999                        750
3 3892965 8297537507531142221 96599997537507531211533                        750
2 3882965 8297537507531143121 96599997507537531511553                        750
3 3392965 8197537707531142122 96599997537707531211533                        770
1 3541965 8237537707531112111                                                770
1 3682965 8257539997531141111 965 8257537507531114123                        999
1 3732965 8267539997531141111 965 8267537507531114123                        999
1   119641221770  27701112521                                                  2
3   72965 1 3770  27701141113 9659999  27507501721111                          2
3  822965 416770  27701142121 9659999770  2  21612111                          2
3 2583965 715770  27701141113 965 713  2770  21142121 9659999  27707701522111  2
1 2592965 8 1770  27701642121 96599997709989981512161                          2
1 1421965 5 27702007701112111                                                200
1 1483965 5 37702007701141111 965 5 12007502001143121 96599997507707531511553200
1 1493965 5 37702007701141111 965 5 12007702001143121 96599997707507531511553200
1 2042965 6 17702007701141111 96599992009989991212142                        200
1  191965 2 57702207701212111                                                220
1  491965 4 37703653651212111                                                365
1  521965 4 87703657701112521                                                365
1  552965 4 87703653651142121 96599997703653651322121                        365
3  581965 4117703653651512111                                                365
1 2101965 6 57703657701112521                                                365
1 2132965 6 57703657701142922 99999997703659991212991                        365
1 3201965 8167703993991112111                                                399
1 3271965 8177703993991112111                                                399
4 3292965 8177703993991141114 96599997707507531211533                        399
1 3351965 8187703993991112111                                                399
4 3402965 8197703997701141114 96599997707507531214113                        399
3 3593965 8247703997701141113 965 8243997703991142121 96599993997707701612111399
3 5502965 9227703997701142321 96599997703993991512161                        399
2 5803965 9287703997701143121 96599993997503991143121 96599997507537531132151399
1  231965 3 27707107101212111                                                710
3  311965 3 67707107101512111                                                710
1  322965 3 77709997101141211 96599997103993991212161                        710
1  481965 4 27707107701112111                                                710
1 1711965 5107707109991112521                                                710
1 1732965 5107707107701142121 96599997707107701412183                        710
1 2061965 6 27707107701212111                                                710
3 2081965 6 37707107701512111                                                710
3 7422965 1 87709993651141113 96699997507703651712121                        750
3  111965 1117707507531111513                                                750
352001965 1277707507541111333                                                750
3 8012965 1307707507541141113 96599997507707541111443                        750
3  151965 2 37707507531111513                                                750
1 8031965 2157707509991112121                                                750
3  352965 3 77709997102141113 96599997507537531212213                        750
3  371965 3 87707507531111513                                                750
2  412965 3147707507701143111 965 3147507707701511553                        750
3  402965 3147707507701141113 965 3157507707701211553                        750
350021965 3207707507541111513                                                750
3  422965 3207707507701141113 965 3137507707701211553                        750
350271965 4 47707507541111513                                                750
350281965 4 57707507541111513                                                750
1 8192965 4 97707507701142221 96599997707507541511533                        750
2 8232965 4 97707507701143121 96599997507709991111121                        750
320311965 4 97707507541211533                                                750
3  591965 4 97707507531111513                                                750
1 8252965 4 97707507701142221 96599997707509991111121                        750
2 8202965 4 97707507701143221 96599997507707541511533                        750
3  651965 4117707507701211313                                                750
3  662965 4117709997701141113 965 1997507707701211443                        750
1 8262965 4127707507701142221 96599997707509991111121                        750
2 8222965 4127707507701143221 96599997507707541511533                        750
1  721965 4127707507701112111                                                750
3  732965 4127707507701141113 96599997507707531711523                        750
3  701965 4127707507531111513                                                750
1 8212965 4127707507701142221 96599997707507541511533                        750
2 8242965 4127707507701143121 96599997507709991111121                        750
3  772965 4147707507501642221 96599997707509991212121                        750
2  763965 4147707507501143121 96599997507707501142121 96599997707507531711553750
1  741965 4147707507501112111                                                750
3  621965 4167707507531111513                                                750
320321965 4187707507541311533                                                750
3 8301965 4197707507541111513                                                750
3 8321965 4207707507541111513                                                750
1 8052965 4237707507701142221 96599997707507541111521                        750
2 8062965 4237707507701143221 96599997507707541111521                        750
1 1072965 4257707507701142211 965 4257505507531511553                        750
1 1042965 4257707507701142211 965 4257707507531511513                        750
3 1022965 4257709997701141113 965 4257507707701111443                        750
1 1062965 4257707507701142211 965 4257707507531511553                        750
3 1032965 4257709997701141113 96599997507707701711523                        750
3  993965 4257707507701141113 965 4257509997501141113 96599997707507701211353750
4  902965 4257709997701141114 96599997507707531211313                        750
2 1052965 4257707507701143211 965 4257507707531411513                        750
3  891965 4257707507701311313                                                750
3  912965 4257709997701141113 96599997507707531211313                        750
3 1012965 4257707507701141113 96599997507707501311313                        750
3 1002965 4257707507701141113 96599997507707501311313                        750
3 1112965 4267707507701642321 96599997707507531511593                        750
2 1122965 4267707507701143221 96599997507707531511553                        750
3 1191965 4267707507531111513                                                750
3 1142965 4267709997701141113 96599997507707501311313                        750
2 1152965 4267707507701143121 96599997507709991212121                        750
3 1132965 4267707507701642121 96599997707507531511553                        750
3 1201965 4277707507531111633                                                750
320352965 4287707507701142221 96599997707509991211533                        750
220442965 4997707507701143121 96599997507709991212121                        750
220422965 4997707507701143121 96599997507707541511533                        750
3 1282965 5 17707507701142221 96599997707507531211533                        750
2 1292965 5 17707507701143122 96599997507707531511593                        750
3 1302965 5 17707507701141113 96599997507707531212533                        750
1 1312965 5 17707507701142121 96599997707509991212121                        750
1 1512965 5 37707507701142221 96599997707507531511553                        750
2 1502965 5 37707507701143221 96599997507707531511553                        750
3 1621965 5 97707507531111513                                                750
1 1892965 5187707507701141211 96599997707509991212121                        750
3 1872965 5187707507701142221 96599997707507531211533                        750
2 1882965 5187707507701143121 96599997507707531611593                        750
3 1981965 5247707507531111513                                                750
3 2181965 6 77707507531111513                                                750
3 2322965 6177707507701141113 965 6177507707701111443                        750
1 8181965 6177707502001112121                                                750
3 2331965 6247707507701111423                                                750
3 2241965 6267707507531111513                                                750
120532965 6287707507701142121 965 6997707509991212111                        750
220562965 6287707507701142121 965 6997707509991212142                        750
1 2382965 6297707507701142111 965 6297707507531511593                        750
1 2432965 6297707507701142121 96599997707509991212121                        750
1 2412965 6297707507701142121 96599997707507531411553                        750
1 2361965 6297707509991112521                                                750
1 2472965 6307707507701142111 965 7 77707507531511553                        750
3 2491965 6307707509991111513                                                750
1 2451965 6307707507701112521                                                750
120521965 6997707502001112111                                                750
320481965 6997707507701211353                                                750
320501965 6997707507701214113                                                750
3 2543965 7 17707507701141113 965 7 17509997501142121 96599997507707531711313750
150101965 7 87707507541511533                                                750
150091965 7 87707507701511313                                                750
1 2551965 7 87707509951111521                                                750
3 2611965 8 47707507531111513                                                750
3 2631965 8 67707507531111513                                                750
3 2671965 8 97707507531111513                                                750
2 2702965 8 97707507701143122 96599997507537539999999                        750
3 2761965 8107707507531111513                                                750
4 2723965 8107707507701141114 96599997707507701142121 96599997707507531214133750
3 2821965 8117707507531111513                                                750
3 2871965 8117707507531111513                                                750
3 3091965 8137707507531111523                                                750
3 3031965 8137707507531111513                                                750
3 3101965 8147707507531111523                                                750
3 3111965 8157707507531111523                                                750
3 3282965 8177703993991141113 965 8167507707531211553                        750
3 3331965 8187707507531111513                                                750
3 3383965 8187703993991141113 965 8187507707501142121 965 8207507707531612121750
3 3422965 8207707507701141113 965 8107507707701211443                        750
3 3491965 8217707507531111513                                                750
3 3521965 8227707507531111513                                                750
3 3641965 8247707507531111443                                                750
3 3661965 8247707507531111513                                                750
3 3672965 8247707507701141113 965 8237507707531111523                        750
3 3752965 8267707507701141113 965 8267507707531111523                        750
3 3791965 8287707507531114123                                                750
3 3831965 8297707507531111523                                                750
3 3871965 8297707507531114123                                                750
3 3931965 8317707507531111513                                                750
3 4012965 9 17707507701141113 96599997507707501711553                        750
3 4021965 9 17707507531211553                                                750
3 3981965 9 17707507531111513                                                750
3  342 65 3 77709997102141113 96599999989989981732132                        998
4   82965 1 37709987701141214 96599997709989981112533                        998
2 1462965 5 37707507701142221 96599999987709991212142                        998
1 1541965 5 37709982001112111                                                998
2 1472965 5 37707507701142221 96599999987509991212142                        998
1  442965 3237709997701142122 96599997707539999999991                        999
1  642965 4117709997701141111 965 4 97707507531111513                        999
4  972965 4257709997701141114 96599997707507701211353                        999
2 1452965 5 37709997701143121 96599999997509991212142                        999
2 1442965 5 37709997701143121 96599999997709991212142                        999
1 2032965 6 17709997701141211 96599997707509991112521                        999
1  252965 3 39917509981142121 96599999987507501222111                        998
1  862965 4219987509981142121 96599999987507501222121                        750
1  852965 4219987509981142121 96599999987507501222111                        750
1 1551965 5 39987702001112111                                                770
