2 111283811 4  2220 701142121 9999999  2220 701212142                        220
1 15638381125 70220 701141211 8381150  2 70 701142121 9999999  2 70 701212142  2
2 15528381125 70220 701142121 9999999200220 701212142                        200
1 2353839 1 1 70999 701141111 8381222200 70 701142121 9999999200 70 701212142200
1 2371839 1 8 70200 701112111                                                200
1 2473839 117 70200 701141211 839 117200 70 701142121 9999999200 70 701212142200
1 2703839 2 8 70220 701141211 839 2 8200 70 701142121 9999999200 70 701232141200
1 2713839 2 8 70220 701141121 839 2 8200220 701142121 9999999200220 701212142200
1 2733839 2 8 70220 701141121 839 2 8200220 701142121 9999999200220 701212142200
1 2723839 2 8 70220 701141121 839 2 8200220 701142121 9999999200220 701232141200
1 2781839 3 6 70200 701112111                                                200
3   12838 223 70999 701141113 9999999220 702201914993                        220
2   32838 223 70220 701143121 9999999220 70 701112521                        220
3   22838 223 70999 701141213 9999999220 701781211433                        220
9  332838 330 70220 701142121 9999999 70220 709999999                        220
1  262838 330 70220 701641221 9999999 70220 701112521                        220
2  352838 330 70220 701143121 9999999220 70 701611533                        220
1  342838 330 70220 701142121 9999999 70220 701611533                        220
2  312838 330 70220 701143121 9999999220 70 701611523                        220
3  253838 330 70220 701141113 838 321220 70 701141113 9999999 709999991992999220
1  322838 330 70220 701142121 9999999 70997 701612213                        220
3  212838 330 70220 701141113 838 321220 70 701999993                        220
3  242838 330 70220 701141113 838 399220 701781711313                        220
3  292838 330 70220 701142221 9999999 70220 701211533                        220
2  282838 330 70220 701143121 9999999220 701781511313                        220
3  222838 330 70220 701141113 9999999220 70 701112161                        220
2  232838 330 70220 701141112 9999999 70997 701912213                        220
3  422838 4 3 70220 701141113 9999999220 70 701711313                        220
3  432838 4 3 70220 701141113 9999999220 70 701112161                        220
1  482838 4 3 70220 701142121 9999999 70220 701112521                        220
2  472838 4 3 70220 701143111 9999999220 70 701699993                        220
3  462838 4 3 70220 701642221 9999999 70220 701212111                        220
2  492838 4 3 70220 701143121 9999999220 70 701112521                        220
3  442838 4 3 70220 701642221 9999999 70220 701212111                        220
3  592838 416 70220 701142121 9999999 70220 709999993                        220
3  582838 416 70220 701642121 9999999 70220 701112111                        220
4  602838 419 70220 701141114 838 499 70220 701612719                        220
3  612838 419 70220 701141113 838 416220 701781211433                        220
3  662838 419 70220 701141113 838 416220 701781711313                        220
3  652838 419 70220 701141113 9999999220 70 701112161                        220
1  642838 419 70220 701142121 9999999 70997 701612213                        220
3  622838 419 70220 701142221 9999999 70999 701211533                        220
3  673838 420 70220 701141113 838 416220 70 701141114 838 416220 70 701112363220
3  682838 420 70220 701642121 9999999 70220 701123241                        220
3  722838 421 70220 701141113 838 416220 70 701211433                        220
1  733838 422 70220 701141111 838 420220 70 701143121 9999999 70220 701412161220
2 10228381026 70220 701143121 9999999220 70 701212121                        220
1 10128381026 70220 701142121 9999999 70220 701212121                        220
1 108283811 3 70220 701142121 9999999 70220 701212111                        220
1 112283811 3 70220 701142121 9999999220 70 701131121                        220
2 115283811 3 70220 701143121 9999999220 70 701112521                        220
1 114283811 3 70220 701142121 9999999 70220 701112521                        220
2 109283811 3 70220 701143121 9999999220 70 701212111                        220
2 113283811 3 70220 701143121 9999999220 701781511433                        220
1 107383811 3 70220 701141111 9999999220 70 701142111 9999999220 70 701112521220
1 106383811 6 70220 701141111 8381027220 70 701143121 9999999 70220 701112521220
1 12028381112 70220 701142121 9999999 70220 701112521                        220
1 11928381112 70220 701142111 8381113 70220 701212121                        220
2 12128381112 70220 701143121 9999999220 70 701112521                        220
1 12728381115 70220 701142121 9999999 70220 701123241                        220
2 12828381115 70220 701143221 9999999220 70 701511433                        220
1 13028381115 70220 701142121 9999999 70220 701323151                        220
1 13528381117 70220 701142121 9999999220 70 701123241                        220
1 13218381117 70220 701212111                                                220
1 13628381117 70220 701642121 8279999 70220 701112533                        220
2 14028381119 70220 701143121 9999999220 701781211521                        220
2 13928381119 70220 701143121 9999999220 701781511433                        220
2 14128381119 70220 701143121 9999999220 70 701123211                        220
3 14328381119 70220 701141113 9999999220 70 701512111                        220
1 13828381119 70220 701142121 9999999 70997 701512213                        220
3 14638381121 70220 701141213 8381121220 70 711142311 8381127220 70 701111523220
3 15738381125 70220 701141213 8381121220 70 701142111 8381127220 70 701111523220
2 15438381125 70220 701143121 9999999220 70 701142121 9999999200220 701212142220
1 15338381125 70220 701141211 8381125220 70 701143211 9999999220 70 701232141220
1 15818381126 70220 701132141                                                220
2 16528381127 70220 701143111 8381127220 70 701511523                        220
1 16918381128 70220 701111521                                                220
1 17928381128 70220 701142111 8381128 70220 701232141                        220
1 16828381128 70220 701142111 8381128 70220 701111621                        220
1 17128381128 70220 701142121 9999999 70220 701131121                        220
3 18118381130 70220 701212363                                                220
3 18528381130 70220 701142111 8381128 70220 701212533                        220
3 18218381130 70220 701512161                                                220
3 18418381130 70220 701321143                                                220
3 18618381130 70220 701321143                                                220
3 187283812 1 70220 701142121 9999999 70220 701212213                        220
3 188283812 2 70220 701142111 83812 5 70220 701212213                        220
3 199183812 4 70220 701112173                                                220
3 193183812 4 70220 701211453                                                220
3 200183812 4 70220 701112533                                                220
3 194283812 4 70220 701142111 83812 4 70220 701112173                        220
3 198183812 4 70220 701112173                                                220
3 213183812 5 70220 701111633                                                220
3 210183812 5 70220 701111523                                                220
1 217383812 5 70220 701141111 83812 5220 70 701143111 9999999 70220 701211521220
1 219183812 6 70220 701111521                                                220
1 220183812 6 70220 701232141                                                220
3 2342839 1 1 70999 701141113 8381127220 70 701111523                        220
1 2392839 1 8 70220 701141211 9999999 70220 701112521                        220
1 2402839 1 8 70200 701141211 9999999220 70 701112521                        220
3 2411839 111 70220 701114213                                                220
3 2502839 117 70220 701141213 9999999220 70 701112521                        220
2 2492839 117 70220 701143121 9999999220 70 701212121                        220
1 2482839 117 70220 701142121 9999999 70220 701212121                        220
1 2602839 2 8 70220 701142221 9999999 70220 701212121                        220
3 2592839 2 8 70220 701141113 99999992208979961999991                        220
3 2582839 2 8 70200 701141113 99999992208979961999991                        220
2 2622839 2 8 70220 701143421 9999999220 70 701212121                        220
3 2751839 3 3 70220 701114213                                                220
1 2841839 3 7 702201781112521                                                220
1 2791839 3 7 702201781212121                                                220
1 2942839 3 9 70220 701142121 9999999 70220 701512213                        220
1 2852839 3 9 70220 701142121 9999999 70220 701123241                        220
1 2911839 3 9 70220 701112361                                                220
1 2862839 3 9 70220 701142121 9999999 70220 701323151                        220
1 2951839 3 9 70220 701511993                                                220
3 2872839 3 9 70220 701642121 8279999 70220 701512533                        220
1 2901839 3 9 70220 701512363                                                220
2 2891839 3 9 70220 701112152                                                220
1 2971839 310 70220 701223151                                                220
2 3011839 320 70220 701112152                                                220
1 3042839 4 1 70220 701142122 9999999 70220 701299991                        220
3  5619999999 70220 701999993                                                220
1 12919999999 70220 701123241                                                220
1 17619999999 70220 701112521                                                220
1 17419999999 70220 701112521                                                220
1 16028381126 70997 701142421 9999999 70997 701612213                        997
3 22718381217 70997 701212213                                                997
3 2551839 121 70997 701312213                                                997
3  1019999999 70997 701312213                                                997
3 20319999999 70997 701212213                                                997
3 18318381130 70999 701523151                                                999
2 22928381222200 70 701142121 9999999200220 701212142                         70
1 2381839 1 8200 70 701112111                                                 70
1 2532839 117200 70 701142121 9999999 70220 701112521                         70
2 2462839 117200 70 701142121 9999999200 70 701212142                         70
1 2513839 117200 70 701642121 839 117200 70 701141113 99999992208979961999991 70
2 2652839 2 8200 70 701143121 9999999 70220 701212121                         70
1 2662839 2 8200 70 701142121 9999999200 70 701232141                         70
2 2692839 2 8200 70 701142121 9999999200 70 701212142                         70
1 2771839 3 6200 70 701112111                                                 70
2 2811839 3 7200 701781212142                                                 70
1 2991839 312200 701781511313                                                 70
2  812838 9992002202001142121 9999999200220 701212142                        220
2  822838 9992002202201142121 9999999200 70 701212142                        220
2 22828381222200220 701142121 9999999200220 701212142                        220
3 231183812282002201781211313                                                220
1 233183812312002201781411313                                                220
1 2421839 1122002201781411313                                                220
2 2452839 117200220 701142121 9999999200220 701212142                        220
3 2541839 1172002201781311313                                                220
1 2522839 117200220 701142121 9999999220 70 701112521                        220
1 2672839 2 8200220 701142121 9999999200220 701232141                        220
2 2682839 2 8200220 701142121 9999999200220 701212142                        220
4 2632839 2 8200 70 701141114 99999992208979961999991                        220
2 2821839 3 72002201781212142                                                220
1 3001839 3122002201781511313                                                220
1 218282812 5220 70 701142121 9999999220 70 701611993                         70
2   42838 227220 70 701143121 9999999 70220 701799991                         70
1   52838 227220 70 701142121 9999999220 70 701799991                         70
3   61838 3 2220 701781211313                                                 70
3   92838 321220 70 701142221 9999999220 70 701211523                         70
2  112838 321220 70 701143121 9999999 70997 701512213                         70
3  172838 321220 70 701141113 9999999 70997 701712213                         70
3   82838 321220 70 701141113 9999999 70220 701912993                         70
3  142838 321220 70 701141113 9999999 70997 701114719                         70
3  123838 321220 70 701141113 9999999 70997 701143121 9999999997 70 701123131 70
2  132838 321220 70 701143111 898 515 70220 701123241                         70
2  152838 321220 70 701143121 9999999 70997 701323151                         70
3  192838 321220 70 701142211 898 416220 70 701111523                         70
3  182838 321220 70 701141113 9999999 70220 701623241                         70
3  301838 330220 70 701111523                                                 70
2  412838 331220 70 701143121 9999999 70220 701112521                         70
4  393838 331220 70 701141214 9999999220 70 701142121 9999999220 70 701111653 70
1  362838 331220 70 701141111 9999999220 70 701112161                         70
1  382838 331220 70 701141111 9999999 70999 709999999                         70
1  402838 331220 70 701142121 9999999220 70 701112521                         70
1  372838 331220 70 701141111 838 399220 701781711313                         70
1  502838 414220 70 701141111 9999999220 70 701112161                         70
3  512838 414220 70 701142311 838 416220 70 701211523                         70
1  532838 414220 70 701141211 838 416220 70 701299993                         70
3  541838 416220 701781211433                                                 70
3  552838 416220 70 701142221 9999999220 70 701111523                         70
4  572838 416220 70 701141114 838 416220 70 701112363                         70
2  703838 420220 70 701143121 9999999 70220 701141211 9999999220 70 701412161 70
4  713838 420220 70 701141114 838 416220 70 701142121 838 416220 70 701112363 70
3  692838 420220 70 701141113 9999999 70220 701612521                         70
3  752838 627220 70 701141113 9999999 70220 701612521                         70
3  802838 627220 70 701141113 9999999 70220 701112521                         70
3  792838 627220 70 701141113 9999999 70999 709999999                         70
3  783838 627220 70 701141113 9999999 70220 701143121 9999999200220 701212142 70
3  743838 627220 70 701141113 9999999 70220 701142121 9999999 70220 701623241 70
3  762838 627220 70 701141113 9999999 70997 701712213                         70
2  9728381021220 70 701143121 9999999 70220 701112521                         70
3  9228381021220 70 701141113 9999999 70997 701712213                         70
1  9528381021220 70 701141111 838 416220 701781211433                         70
1  9628381021220 70 701142121 9999999220 70 701112521                         70
3  9438381021220 70 701141113 9999999 70220 701141113 838 416220 701781211433 70
3  9328381021220 70 701141113 9999999 70220 701623241                         70
1 10028381026220 70 701142121 9999999 70220 701131121                         70
2  9928381026220 70 701143121 9999999 70220 701131121                         70
3  9818381026220 701781311313                                                 70
2 10328381027220 70 701143121 9999999 70220 701112521                         70
1 10428381027220 70 701142121 9999999220 70 701112521                         70
3 105183811 1220 70 701211313                                                 70
3 117283811 7220 70 701642121 9999999220 701781511433                         70
1 116283811 7220 70 701142111 8381113220 70 701212121                         70
3 11818381112220 70 701111443                                                 70
2 12638381115220 70 701143121 9999999 70220 701642121 9999999220 70 701123241 70
2 12328381115220 70 701143121 8279999 70220 701612533                         70
2 12428381115220 70 701143121 9999999 70220 701323151                         70
1 12528381115220 70 701142121 9999999220 70 701323151                         70
2 12228381115220 70 701143121 9999999 70220 701123241                         70
2 13328381117220 70 701143121 9999999 70220 701123241                         70
1 13118381117220 70 701212111                                                 70
3 13428381117220 70 701141113 9999999 70220 701612521                         70
3 14218381119220 70 701512111                                                 70
2 14428381120220 70 701143121 8381117 70220 701123241                         70
3 14528381121220 70 701142311 8381127220 70 701111523                         70
3 14718381122220 701781311313                                                 70
3 14818381122220 701781111313                                                 70
2 14928381122220 70 701143221 9999999 70997 701612213                         70
2 15228381125220 70 701143211 9999999220 70 701232141                         70
3 16128381126220 70 701142311 8381127220 70 701111523                         70
1 15918381126220 70 701132141                                                 70
3 16628381127220 70 701642111 8381127220 70 701511523                         70
3 15018381127220 70 701111523                                                 70
3 16318381127220 70 701111523                                                 70
1 17528381128220 70 701142221 9999999220 70 701121211                         70
2 16728381128220 70 701143111 8381128 70220 701111621                         70
2 17828381128220 70 701143111 8381128 70220 701232141                         70
2 18028381128220 70 701143121 9999999 70220 701123241                         70
1 17228381128220 70 701142211 8381128220 701781511433                         70
3 17018381128220 70 701211653                                                 70
2 190283812 3220 70 701143121 9999999 70220 701123241                         70
2 191283812 3220 70 701143121 9999999 70220 701323151                         70
3 189183812 3220 701781321143                                                 70
2 204283812 4220 70 701143121 9999999 70997 701612213                         70
3 201283812 4220 70 701141113 83812 4 70220 701112533                         70
1 192183812 4220 701781511433                                                 70
3 197283812 4220 70 701142211 83812 4220 70 701111523                         70
3 196183812 4220 701781111313                                                 70
1 205283812 4220 70 701141111 9999999220 70 701999999                         70
2 195283812 4220 70 701143111 83812 4 70220 701612173                         70
3 202283812 4220 70 701142222 9999999220 70 701999993                         70
3 207283812 5220 70 701142111 83812 5220 70 701211663                         70
3 206183812 5220 70 701111523                                                 70
3 215283812 5220 70 701642121 9999999220 70 701121211                         70
3 209183812 5220 70 701211663                                                 70
3 212183812 5220 70 701111523                                                 70
3 208183812 5220 70 701111453                                                 70
1 211183812 5220 70 701111521                                                 70
3 214283812 5220 70 701142121 8381128220 70 701212533                         70
2 216283812 5220 70 701143111 83812 5 70220 701211521                         70
1 22618381216220 701781411313                                                 70
3 22218381222220 701781211433                                                 70
3 22328381222220 70 701142121 9999999220 701781111423                         70
3 2432839 114220 70 701141113 9999999 70220 701999993                         70
1 2561839 123220 70 701511663                                                 70
1 2611839 2 8220 70 701112161                                                 70
1 2642839 2 8220 70 701142121 9999999220 70 701611523                         70
1 2741839 217220 701781511433                                                 70
3 2762839 3 4220 70 701141113 839 3 3220220 701114213                         70
1 2801839 3 7220 701781212121                                                 70
1 2831839 3 7220 701781112521                                                 70
2 2882839 3 9220 70 701143121 839 3 9 70220 701112152                         70
1 2932839 3 9220 70 701142121 9999999220 70 701211521                         70
1 2961839 3 9220 70 701511993                                                 70
1 2921839 3 9220 70 701112361                                                 70
1 2981839 310220 70 701223151                                                 70
1 3021839 320220 70 701211521                                                 70
1 3031839 325220 707015111521                                                 70
1 17719999999220 70 701112521                                                 70
3  4519999999220 701781711313                                                 70
1 17319999999220 70 701112521                                                 70
3  772838 627220 70 701141213 9999999200220 701212142                        200
3  833838 9232202002201642121 838 9992002202201142121 9999999200220 701212142200
2 15128381124220 70 701642121 9999999200220 701212142                        200
3 23038381224220200 701642121 8381222200220 701142121 9999999200220 701212142200
2 232283812282202001781143121 99999992002001781411313                        200
1 221182812182208979961511433                                                897
1  85283810 4220999 701141111 9999999897 709961214113                        897
1  87183810 72208979961112521                                                897
3  86183810 72208979961211313                                                897
3 486183810 7220897 701211433                                                897
1 224183812162208979961212111                                                897
3 2442839 1142209999961141113 99999998972209969999999                        897
1   72838 3112209992201141211 9999999220 701781211313                        999
2  162838 321270 70 701143121 9999999 70997 701699993                         70
3  84183810 4897 709961214113                                                 70
3 2571839 131897 709961314113                                                 70
1  88183810 78972209961112521                                                220
3 488183810078972209961112173                                                220
1  90183810118972209961121211                                                220
1  91183810118972209961512173                                                220
1 137283811188972209961141111 9999999220 70 701711313                        220
1 225183812168972209961212111                                                220
