3   8293712991559991551142121 99999992553053051132143                        255
2 1132938 2162009992001641112 938 2122553052551112521                        255
3 1482938 2172002552551141113 938 2122553052551112121                        255
2 1442938 2172009992001141112 938 2122553052551112521                        255
2 1593938 2182002552551143121 938 2992552002551141119 938 2992553052099999999255
3 1812938 2242002553051141123 938 2122553052551112521                        255
3 2202938 3102002552001142221 99999992002552091211533                        255
2 2212938 3102002552001143321 99999992553053051611523                        255
2 2182938 3102002552001143122 938 3602553053051699993                        255
3 2193938 3102002552001642121 99999992552002001143111 938 3123059993051612719255
3 2643938 3112002552552141113 938 3112553053051143311 938 3123059993051612719255
2 2672938 3112002552551141212 938 2122553052551143121                        255
3 2633938 3112002552552141113 938 3112553053051143311 938 3113059993051112719255
3 2382938 3112002552001141213 938 3702553053051211993                        255
2 2403938 3112002552001141112 938 3112553053051143311 938 3113059993051112719255
2 1142938 2162009992001641112 938 2123052552551112521                        305
1 1163938 2162009992001141211 99999993059993051642121 99999999993053051214113305
1 1153938 2162009992001141211 99999993059993051642121 99999999993053051132143305
1 1351938 2172003052001112111                                                305
1 1343938 2172009992001141211 99999993059993051642121 99999999993053051132143305
3 1372938 2172003052001141113 99999993052009991612111                        305
2 1452938 2172009992001141112 938 2123052552551112521                        305
2 1993938 3 22009992001141112 938 2243059993051141111 99999993059993051132163305
9 2593938 3112003053051642121 99999992003053051143119 99999993052552099999999305
2 1243938 2162003252001143111 938 2243059993051642121 938 2163252002001112111325
1 1511938 2182003252001112111                                                325
3 1543938 2182202002001142121 938 2992202552092642121 93899992553053051132143200
2 1533938 2182202002001143121 938 2992002552092642121 93899992553053051132143200
3 1102938 2162202552551141113 938 2122553052551112121                        255
1 1081938 2162202552551212111                                                255
3 1281938 2172202552551512111                                                255
3 1302938 2172202552551141113 938 2122553052551112121                        255
1 1572938 2182202002001642121 93899992553053051132143                        255
2 1562938 2182202002001141212 99999992559992091132143                        255
3 2663938 3112202552552141113 938 3112553053051143311 938 3123059993051612719255
3 2653938 3112202552552141113 938 3112553053051143311 938 3113059993051112719255
3 2991938 3122202552201211333                                                255
1  891938 2142203053051112111                                                305
1 1413938 2172203053051141211 99999993059993051642121 99999999993053051132143305
1 1583938 2182203053051141211 99999993059999991642121 99999999993053051132143305
1 1903938 2252209992201141211 99999993059993051642121 99999992553053051132143305
3 2122938 3 72203052201142421 99999992202552091112363                        305
1 2112938 3 72203052201642421 99999992202552091112363                        305
9 2612938 3112203252201142112 938 3112202552092999999                        325
2 2602938 3112203252201143112 938 3113252552092999999                        325
2 2682938 3112202552551141212 93899999999992099299993                        999
3 2981938 3122252552251211333                                                255
3 2971938 3122253052251112373                                                305
2  412938 2122553052551141212 99999992002552092611533                        200
9 1183938 2162552002551142121 99999992552002551141219 99999993053983981512161200
1 1772938 2212559992551141111 93820212009992001112719                        200
2 2223938 3102552002001141112 938 3102002552001143321 99999992553053051611523200
2 2233938 3102552002001141112 938 3102002552001142221 99999992002552091211533200
2 2243938 3102552002001143111 938 3102003053051143121 99999993059993051612719200
9 2413938 3112552002001641119 938 3112553053051143311 938 3113059993051112719200
2 2433938 3112552002001141112 938 3112553053051143311 938 3123059993051612719200
9 2423938 3112552002001641119 938 3112553053051143311 938 3123059993051612719200
2  422938 2122553052551141212 99999992202552092611533                        220
1 1091938 2162552202551212111                                                220
9 1193938 2162552202551142121 99999992552202551141219 99999993059982091112511220
3 1112938 2162552202551141213 93899992203052091212142                        220
9 1173938 2162552202551142121 99999992552202551141219 99999993053983981512161220
3 1291938 2172552202551512111                                                220
3   53938 1 62559992551141123 93799993059993051642121 99999993059993051132161305
2  102938 1 72553053051143121 93899993052552551112121                        305
2  152938 1262553053051143121 938 2603052552551112121                        305
3  191938 2 42553053051412161                                                305
3  251938 2 72553053051642121 938 2122553052551143121 99999993052553051112533305
2  263938 2 72553053051141212 938 2122553052551642121 99999992553059991112533305
1  291938 2 72553053051212121                                                305
3  273938 2 72553052551142121 938 2992559992551642121 99999992553059991112533305
3  311938 2112553053051512121                                                305
1  782938 2122553052551642121 99999992553053051132143                        305
2  482938 2122553052551143211 938 2153052553051132611                        305
1  671938 2122553052551112511                                                305
3  392938 2122553052551141113 99999993053983981712161                        305
3  463938 2122553052551141113 93899993052553051142121 93899993052552551114143305
2  543938 2122553052551143211 938 2153052553051142121 93899992553053051211121305
2  553938 2122553052551143211 938 2153052553051142121 93899993052552551211121305
1  341938 2122553052551112121                                                305
3  402938 2122553052551141113 93899993052553051211993                        305
1  522938 2122553052551142221 938 2152553053051514113                        305
1  662938 2122553052551642121 99999992553053051132143                        305
1  652938 2122553052551642121 99999992553053051214113                        305
3  512938 2122553052551142422 93899992553053051299993                        305
2  582938 2122553052551143111 938 2153052553051614719                        305
2  502938 2122553052551141222 938 2992553053051214113                        305
3  532938 2122553052551142321 93899992553052551211313                        305
1  611938 2122553052551112521                                                305
1  642938 2122553052551142121 938 2992553053051211121                        305
2  492938 2122553052551143211 938 2153052559991112511                        305
1  572938 2122553052551642221 99999992553053051214113                        305
1  562938 2122553052551642221 99999992553053051132143                        305
3  931938 2142553052551211313                                                305
9 1202938 2162552002551141219 99999993059982091112511                        305
3 1122938 2162552202551141113 99999993053053051712719                        305
1 1472938 2172553052551142111 938 2242553052551511313                        305
3 1462938 2172553052551142111 938 2232553052551211313                        305
1 1731938 2182553052551511313                                                305
1 1722938 2202559992551141111 938 2123052552551112111                        305
1 1781938 2232553053051112121                                                305
3 1892938 2252559992551141113 99999993052553051712719                        305
3 1913938 2262553053051141123 938 2243059993051141111 99999993059993051132163305
2 2002938 3 52553053051143121 93899993052553051112719                        305
3 2132938 3 82559992551141113 938 3 73059993051114719                        305
3 2251938 3102553052551211353                                                305
3 2261938 3102553052551211313                                                305
3 2282938 3102553052551141213 938 3123052553051112533                        305
3 2272938 3102553052551141213 938 3123059993051112719                        305
3 2762938 3112553253251141213 938 3123059993051112719                        305
3 2362938 3112559992551141213 938 3123059993051112719                        305
3 2452938 3112553053051142311 938 3112553053051111523                        305
3 2392938 3112552002001141113 99999993052553051112533                        305
3 2352938 3112559992551141113 99999993059993051714719                        305
3 2772938 3112553253251141113 938 3603052553051112533                        305
2 2472938 3112553053051143311 938 3123059993051612719                        305
3 2782938 3112553253251141213 99999993059993051214719                        305
3 2311938 3112553052551212183                                                305
3 2752938 3112553253251141113 938 3993052553051211313                        305
3 2792938 3112553253251141213 99999993052552552111523                        305
3 2442938 3112553053051142311 938 3112553053051214113                        305
2 2462938 3112553053051143311 938 3113059993051112719                        305
1 2372938 3112553053051141111 938 3112553052551212183                        305
3 2551938 3112553052551112373                                                305
3 2482938 3112559992551141113 938 3113059993051114719                        305
3 2861938 3122553053051111653                                                305
3 3031938 3122553053051132143                                                305
1 2942938 3122559992551141211 938 4993059993051112719                        305
3 2932938 3122559992551141213 938 3123059993051112719                        305
3 103293899992553052551211313                                                305
3 2802938 3112553253251141213 99999993152552552111523                        315
3 2882938 3122553153151142221 99999992553153151111523                        315
2 2892938 3122553153151143122 99999993152552099699993                        315
3 2742938 3112553253251142121 93899992553053051132143                        325
1 2812938 3112553253251642121 99999992553253251111553                        325
1 2853938 3112553253251141111 938 3113252553251642121 99999993252553051211993325
1 2833938 3112553253251141111 938 3113252553251142121 93899992553053051132143325
3 2732938 3112553253251142111 938 3122553053051111653                        325
2  222938 2 52559992551143121 99999993052553051132611                        999
2  692938 2122559992551141112 938 2122553052551112121                        999
2 1672938 2122559992551143121 99999999992554092132111                        999
4 1053938 2152559992551141114 938 2122553052551142319 938 2152553053059999993999
1 1023938 2152559992551141111 938 2162552002551142121 938 2153052553051132611999
4 1043938 2152559992551141114 938 2122553052551143319 938 2153052553059999999999
1  972938 2152559993052142122 99999992553052092299991                        999
4 1213938 2162559992551141114 938 2122553052551142321 938 2992553053051211993999
4 1223938 2162559992551141114 938 2122553052551143321 938 2993052552551112521999
4 1232938 2162559992551141114 99999992553052551211313                        999
3 1741938 2182559992551221133                                                999
3 1692938 2202559992551642121 99999992559999991212111                        999
3 1682938 2202559992551642121 99999992553983981212161                        999
1 1712938 2202559992551141111 938 2122553052551112521                        999
3 1662938 2202559992551142121 99999992559992091211993                        999
3 1702938 2202559992551141113 99999999992559991714719                        999
2 1872938 2242559992551143121 99999999992554091132111                        999
3 1952938 3 12559992551142321 99999992553153151211993                        999
3 1962938 3 12559992551142321 99999992553053051211993                        999
2 1972938 3 12559992551143321 93899993152553151512213                        999
2 1982938 3 12559992551143321 93899993052553051512213                        999
4 2692938 3112559992551141114 99999992553053051111523                        999
1 3022938 3122559993051141111 938 3122553053051111653                        999
1 2912938 3122559992551141111 938 3122553053051111653                        999
2 1002938 2143052002001143121 938 2992003052091212142                        200
1 1382938 2173052002001141111 938 2123052552551112121                        200
4 1402938 2173052002001141114 938 2123052552551112521                        200
1 1361938 2173052002001112111                                                200
2 2562938 3113052002001143111 938 311305305  41412146                        200
1  901938 2143052203051112111                                                220
3   72938 1 63059993051141123 99999992553053051114113                        255
3   91938 1 73052553051111423                                                255
2 3053938 1 83052553051143221 938 1992553053051143121 938 1803052552551112121255
1 3042938 1 83052553051142221 938 1803052552551112121                        255
1  112938 1 83052553051142121 93899993052552551112121                        255
3  121938 1113052553051114213                                                255
3  361938 1113052553051112213                                                255
1  131938 1133052553051114251                                                255
3 3191938 1253052553051112213                                                255
1  162938 1263052553051142111 938 2123052552551112121                        255
2 3202938 1263052553051143421 938 2992553052551112373                        255
3  371938 1263052553051112213                                                255
3  381938 1273052553051112213                                                255
3  201938 2 53052553051112213                                                255
1  231938 2 63052553051114251                                                255
1 3211938 2 73052553051142111 938 2123052552551112121                        255
1  301938 2 73052553051212121                                                255
3  283938 2 73052552551142121 938 2993059992551642121 99999993052559991112533255
3  321938 2113052553051512121                                                255
1  681938 2123052552551112511                                                255
1  632938 2123052552551142121 938 2993052552551211121                        255
4  473938 2123052552551141114 99999993052553051142121 99999993052552551114143255
1  622938 2123052552551142121 938 2993052553051132611                        255
4  452938 2123052552551141114 99999993052553051211993                        255
4  433938 2123052552551141114 99999992553053051143121 99999993053983981512161255
1  442938 2123052552551141111 99999993053983981712161                        255
2  593938 2123052552551141112 938 2122553052551143111 938 2153052553051614719255
1  351938 2123052552551112121                                                255
1  601938 2123052552551112521                                                255
1 1263938 2123052552551112521                                                255
1  793938 2133059993051141121 938 2122553052551642121 99999992553053051214113255
2  853938 2133053253251141112 938 2122553052551642121 99999992553053051214113255
2  873938 2133052553051143121 938 2992559992092642121 99999992553052091112533255
2  833938 2133053253251141112 938 2122553052551142121 93899992553053051211121255
3  883938 2133052553051142121 938 2993059992092642121 99999993052552091112533255
2  843938 2133053253251141112 938 2122553052551642121 99999992553053051132143255
3  912938 2143052203051141113 938 2122553052551112121                        255
3  942938 2143052203051141123 938 2122553052551112121                        255
2  922938 2143052203051141212 99999992553053051211653                        255
1  981938 2153052553051132611                                                255
1  952938 2153052553051142111 938 2183052553051132611                        255
2 1392938 2173052002001141212 99999992553053051612533                        255
1 1611938 2193052553051114251                                                255
1 1751938 2203052553051214251                                                255
1 1791938 2233052553051112121                                                255
3 1801938 2233052553051212213                                                255
1 1833938 2243059993051141111 938 2122553052551642121 99999992553053051132143255
3 1881938 2243052553051214213                                                255
1 1822938 2243059993051642121 99999992553053051132143                        255
1 1921938 2273052553051514213                                                255
3 2021938 3 63052553051114213                                                255
1 2032938 3 63059993051642121 99999992553053051132143                        255
3 2291938 3103052553051212183                                                255
3 2493938 3113059993051141113 938 3112559992551141113 938 3113059993051114719255
2 2583938 3113052002001141112 938 3112553053051143311 938 3123059993051612719255
2 2702938 3113052553051143111 938 3122553053051211653                        255
3 2331938 3113052553051211333                                                255
2 2573938 3113052002001141112 938 3112553053051143311 938 3113059993051112719255
1 2301938 3113052553051512183                                                255
3 2321938 3113052553051211353                                                255
3 2513938 3113059993051141113 938 3112553053051143311 938 3113059993051112719255
1 2871938 3123052553051114251                                                255
112331938 3123052553051511333                                                255
112321938 3123052553051511353                                                255
1 184299999993052552551132111                                                255
1 3081938 1103053103102212111                                                310
2 3173938 1113053103101143121 938 1603109993102642121 99999999993053051132143310
1 2041938 3 43053103051112111                                                310
3  181938 1293053153051112213                                                315
1   3393712313059993051141111 99999993259999991642121 93899999993053051132143325
1 3101938 1103053253102212111                                                325
2 3163938 1113053253101143121 938 1603259993102642121 99999999993053051132143325
1  141938 1133053253051114251                                                325
1  332938 2073053253251141211 938 2123052552551212121                        325
4  722938 2123059993051141114 99999993253052551112142                        325
2  862938 2133053253251141112 938 2123052552551112511                        325
2  823938 2133053253251141112 938 2123052552551142121 93899993052552551211121325
2  813938 2133053253251141112 938 2123052552551142111 938 2153052553051132611325
2  992938 2143053253251143121 938 2993253052091212142                        325
1 1943938 2283059993051141121 938 2803253053051642121 99999992553053051132143325
2 2102938 3 73053253251141112 93899993059993051112719                        325
1 2071938 3 73053253251112111                                                325
2 2092938 3 73053253251141212 938 3123059993051112719                        325
3  171938 1293053903051112213                                                390
3   1293712313059993051642121 93899993059993051132161                        999
3   4393712313059993051141113 93799999999999991141112 99999993053053051212719999
1   2293712313059993051642121 93899999993053051132143                        999
1   63938 1 63059993051141121 93799993059993051642121 99999993059993051132161999
4  212938 2 53059993051141214 99999993052552551412161                        999
3  741938 2123059993051642121 99999993052553051132611                        999
4  732938 2123059993051141214 99999993052552551112511                        999
1  802938 2133059993051141121 938 2123052552551112511                        999
1  962938 2153059993052142122 99999993052552092299991                        999
1 1602938 2193059993051642121 99999999993053051132143                        999
1 1852938 2243059993051141111 938 2123052552551112511                        999
3 1861938 2243059993051642121 99999993052553051132611                        999
1 1932938 2273059993051642121 99999993052552091211533                        999
3 2172938 3 93059993051642121 99999993052553051132611                        999
1 2162938 3 93059993051642121 99999993052552091112533                        999
4 2502938 3113059993051141114 938 3113059993051114719                        999
1 2522938 3113059993051642121 99999993052553051211533                        999
3 3001938 3123102553101211333                                                255
1 3091938 1103103053102212111                                                305
1 2051938 3 43103053051112111                                                305
3 2541938 3113103053101112373                                                305
3 2961938 3123103053101112373                                                305
3 3153938 1113103253101141113 938 1603253103101141113 99999993989999999999999325
3 2531938 3113153053151112373                                                305
3 3011938 3123153053151212183                                                305
3 2951938 3123153053151112373                                                305
3 1252938 2163252002001642121 99999993252002001112111                        200
2 1492938 2173252002001143111 938 2172003252001112111                        200
1 1501938 2183252002001112111                                                200
3 2722938 3113252003251642121 99999993252003252112111                        200
9 2622938 3113252202201642112 938 3113252552092999999                        220
3 2712938 3113252203251642121 99999993252203252112111                        220
1 1422938 2173259993251141211 99999992553053051312161                        255
2 1522938 2183252002001141212 93899992553053051132143                        255
1 2143938 3 83253053251141111 938 3502553259991642121 99999992553053051211993255
1 2842938 3113252553251642121 99999993252553051211993                        255
3 2822938 3113252553251142121 93899992553053051132143                        255
2 2902938 3123259993251141112 938 3122553053051111653                        255
1 3111938 1103253053102212111                                                305
1 3183938 1113253053051642121 99999993259993102642121 99999999993053051132143305
2 3143938 1143253053101143121 938 1603059993102141113 99999993989999999999999305
1 1013938 2113252002001141211 99999993059993051642121 99999999993053051132143305
2 1072938 2163253053251143121 99999993059982091112511                        305
1 1062938 2163253053251141111 938 2123052552551112521                        305
1 1432938 2173259993251141211 99999993052552551312161                        305
2 1623938 2193253053051143121 938 2993052553051141111 99999993253059999999999305
2 1632938 2193253053051143121 938 2993059993051141214 99999993252559992999993305
2 2082938 3 73253053251143111 938 3123059993051612719                        305
3 2152938 3 83253053251141213 938 3123059993051112719                        305
1 3121938 1103253103102212111                                                310
2 3133938 1113253103101143121 938 1603109993102141113 99999993989999999999999310
9  713938 2123259993251642121 99999993259993251141119 938 2123052552551112121999
9  703938 2123259993251642121 99999993259993251141119 938 2122553052551112121999
3 1322938 2173659993651141113 99999992553053051132161                        255
3 1312938 2173659993651141113 938 2153052552551132611                        305
3 1332938 2173659993651141113 99999993052552551132161                        305
