1   82947 930  23993991141111 947 930 997703991212161                        399
1 4382948 2 3  23993991141211 94899993997537531112719                        399
1 4422948 2 4  23993991141211 94899993997707531211212                        399
1 4402948 2 4  23993991141211 948 2993997537531212719                        399
1 4412948 2 4  23993991141211 94899993997507531211212                        399
3 4872948 210  23993991141213 948 2993997503991512111                        399
2 6173948 417  23993991143121 948 4993997503991142121 948 4993997537531212152399
2 6243948 417  23993991143121 948 4993997703991142121 948 4993997537531212152399
1  13194710 2  27507501213131                                                750
1 122194711 8  2750  21213111                                                750
1 158294712 6  27507501141111 94799997507507501723719                        750
1 19019471219  27507501511653                                                750
3 4162948 130  2750  21141113 948 1297507507501114719                        750
2 6102948 417  27503991143121 948 4997507537531112719                        750
2 6032948 417  27503991143121 948 4997507707531411653                        750
2 5752948 417  27503991143121 948 4997507537532112719                        750
1 7652948 814  2750  21142121 9489999  27507501211991                        750
3 8012948 920  23993991141113 948 9997507507501211719                        750
1 810294810 5  2750  21141211 9489999  27509999799991                        750
3 70919489999  27509991799993                                                750
3 3133948 115  27703991141113 948 1157703993991143111 948 1153997703991512111770
2 5762948 417  27703991143121 948 4997707537532112719                        770
2 5922948 417  27703991143121 948 4997709997701312183                        770
2 5892948 417  27705991143121 948 4997707507531514133                        770
2 5902948 417  27703991143121 948 4997709997701312183                        770
1 7662948 814  2770  21142121 9489999  27707701211991                        770
1 7762948 822  27707701141111 94899997707707701711719                        770
4 7093948 628  29997501141114 948 628  29997501141114 9489999  27509991799993999
1 86329481221  29997501142121 9481299  27507501112521                        999
1 86229481221  29997501142121 9481299  27507501113551                        999
2 6193948 417 203993991143121 948 4993997503991142121 948 4993997427531212152399
2 6263948 417 203993991143121 948 4993997703991142121 948 4993997537531212152399
3 4152948 130 20750 201141113 948 1297507507501114719                        750
2 6122948 417 207503991143121 948 4997507537531112719                        750
2 6052948 417 207503991143121 948 4997507707531411653                        750
2 5792948 417 207503991143121 948 4997507537532112719                        750
2 5942948 417 207703991143121 948 4997709997701312183                        770
2 5802948 417 207703991143121 948 4997707537532112719                        770
2 5932948 417 207703991143121 948 4997707507701514133                        770
1 4492948 2 51003993991141211 948 2993997537531112719                        399
2 4502948 2 51003993991143121 94899993997537531212719                        399
2 4513948 2991003993991143121 948 2993997503991143121 94899997507707531511533399
2 4523948 2991003993991143121 948 2995997703991143121 94899997707507541514133399
2 4533948 2991003993991143121 948 2993997703991143121 94899997707507541514113399
2 6283948 4171003993991143121 948 4993997703991142121 948 4993997537531212152399
2 6213948 4171003993991143121 948 4993997503991142121 948 4993997537531212152399
3 4973948 2111003993991141113 948 2107503993991142111 948 2103997503991512111750
2 5832948 4121007503991143121 948 4997507537532112719                        750
2 6142948 4171007503991143121 948 4997507537531112719                        750
2 6072948 4171007503991143121 948 4997507707531411653                        750
2 5972948 4121007703991143121 948 4997709997701514133                        770
2 5842948 4171007703991143121 948 4997707537532112719                        770
2 5982948 4171007703991143121 948 4997709997701312183                        770
3 8022948 9201603993991141113 948 9997507507501211719                        750
1   92947 9302003993991141111 947 9303997703991212161                        399
2 4472948 2 52003993991143122 94899993997509991299999                        399
2 4482948 2 52003993991143122 94899993997709991299999                        399
2 6253948 4172003993991143121 948 4993997703991142121 948 4993997537531212152399
2 6183948 4172003993991143121 948 4993997503991142121 948 4993997537531212152399
3  82294710302009992001141113 94710997507707531711993                        750
1  86294710302007502001142121 94799992007707531611993                        750
2  84294710302007502001143121 94799997507709991212121                        750
3 135294711122007507501142111 94711302007509991511131                        750
1 189294712 92009992001141111 94799997507507501712719                        750
1 194294712222007507501142111 948 1 62007507501512993                        750
1 209194712272007507501121121                                                750
1 2382948 1 22003993991141211 94899997507709991112521                        750
1 2752948 1 72007502001141111 99999997507507501712719                        750
3 2742948 1 72007502001141113 99999997507707541711993                        750
1 2712948 1 82007502001142121 94899992007507501123301                        750
2 3792948 1222007503991143121 948 1997507703991212121                        750
2 3912948 1242007507501142111 948 6702007507501532132                        750
3 3882948 1242007503991141113 99999997507707531711533                        750
3 4142948 1302007502001141113 948 1297507507501114719                        750
3 4953948 2112003993991141113 948 2107503993991143111 948 2103997503991512111750
2 6042948 4172007503991143121 948 4997507707531411653                        750
2 5772948 4172007503991143121 948 4997507537532112719                        750
2 6112948 4172007503991143121 948 4997507537531112719                        750
1 7153948 6992007502001142421 948 6992007502001142421 94899992007507501511121750
3 715194899992007507501511121                                                750
9 742194899992007507501212719                                                750
3  71294710282007707701142211 94710282007707701511121                        770
2  85294710302007702001143121 94799997707509991212121                        770
3  83294710302009992001141113 94710997707507531714993                        770
1  87294710302007702001142121 94799992007507531611993                        770
3 136294711122007707501142111 94711302007709991511131                        770
3 210394712272007702001141113 94799997702007701143121 99999992007707701121121770
1 2722948 1 72007702001142121 94899992007707701123301                        770
1 2762948 1 72007702001141111 99999997707707701712719                        770
3 2732948 1 72007702001141113 99999997707507541711993                        770
3 3183948 1152007703991141113 948 1157703993991143111 948 1153997703991512111770
2 3802948 1222007703991143121 948 1997707503991212121                        770
3 3892948 1242007703991141113 99999997707507531714133                        770
1 4033948 1272003993991141111 948 1997703993991143121 94899993997537531112719770
2 5782948 4172007703991143121 948 4997707537532112719                        770
2 5912948 4172007703991143121 948 4997709997701312183                        770
1 7143948 6992007702001142221 948 6992007702001142221 94899992007707701511121770
3 7173948 7 52007702001141113 948 7 52007702001141113 948 7 83997503991142121770
3 7552948 8 42009992001141113 948 4997707507531711533                        770
3 714194899992007707701511121                                                770
1 7423948 7302009992001642121 948 7302009992001642121 94899992007507501212719999
2 6303948 4122113993991143121 948 4173997703991142121 948 4993997537531212152399
2 6233948 4172113993991143121 948 4993997503991142121 948 4993997537531212152399
2 5872948 4172117503991143121 948 4997507537532112719                        750
2 6162948 4172117503991143121 948 4997507537531112719                        750
2 6092948 4172117503991143121 948 4997507707531411653                        750
2 6012948 4122117703991143121 948 4997709997701514133                        770
2 6022948 4122117703991143121 948 4997709997701312183                        770
2 5882948 4172117703991143121 948 4997707537532112719                        770
2 6223948 4172203993991143121 948 4993997503991742121 948 4993997537531212152399
2 6293948 4172203993991143121 948 4993997703991142121 948 4993997537531212152399
2 6152948 4172207503991143121 948 4997507537531112719                        750
2 6082948 4172207503991143121 948 4997507707531411653                        750
2 5852948 4172207503991143121 948 4997507537532112719                        750
3 818194810212207507501211313                                                750
9 821294810992207502201642121 94811992202207501612719                        750
2 6002948 4172207703991143121 948 4997709997701312183                        770
2 5862948 4172207703991143121 948 4197707537532112719                        770
2 5992948 4172207703991143121 948 4997709997701514133                        770
9 822294811992207502201642121 94810999982207501212719                        998
3 109194711 32357507501211313                                                750
3 4212948 1303287503281141113 948 1297507507501114719                        750
1 7033948 6123289993291141111 948 6123287503281212161 948 6123287503281212161999
3 4392948 2 43652003651141113 948 1292007507501114143                        200
1 2271948 1 13657507501212151                                                750
1 814194810173657502201112111                                                750
1 6652948 5 23659993651141211 948 5 23657707701712161                        999
2 6822948 5 7399  23991143121 9489999  27537531212999                          2
2 6542948 4233992113991143121 948 4992117537531212999                        211
3 4602948 2 73993993991142111 948 2 93993993991512111                        399
2 6952948 6 33993993991143121 948 6993997507531212152                        399
2 6962948 6 33993993991143121 948 6993997707531212152                        399
1 7042948 6213993992251212111 948 6213993992251212111                        399
2 7772948 8243993997501143111 948 8243997503991211212                        399
2 7782948 8243993997501143111 948 8243997703991211212                        399
1 7791948 8293993993991212111                                                399
1 2331948 1 23997503991212111                                                750
3 2671948 1 63997503991512111                                                750
2 2692948 1 63997503991143122 94899997507709991699993                        750
1 3041948 1153997503991212111                                                750
2 3542948 1173997503991143122 948 1997507709991699993                        750
1 3572948 1173999993991141211 948 1177507703991212121                        750
2 3492948 1173997503991143111 948 1997507707531511533                        750
2 3562948 1173997503991143121 94899997503993991112991                        750
2 3502948 1173997503991143111 948 1707507703991212111                        750
2 3482948 1173997503991143121 948 1997507507501112719                        750
1 3592948 1173997503991141211 94899993997509991212142                        750
2 3681948 1203997503991212142                                                750
1 4082948 1293997503991141211 94899997507707531511533                        750
3 4182948 1303997503991141113 948 1297507507501114719                        750
2 4572948 2 63997503991143111 948 2 97507703991112521                        750
2 4592948 2 63997503991143111 948 2 67507703991212121                        750
2 4722948 2103997503991143121 948 2997507707531511533                        750
2 4742948 2103997503991143121 948 2997507537531511653                        750
2 4762948 2103997503991143121 948 2997507537531512213                        750
2 4783948 2103997503991143121 948 2997503999991142121 948 2993997537531212719750
2 5022948 2123997503991142121 948 2993997503991212342                        750
2 5002948 2123997503991142111 948 2123997533991612342                        750
2 5502948 3 93997503991142121 948 3993997503991212142                        750
1 5481948 3 93997503991212111                                                750
1 5471948 3 93997503991212111                                                750
2 5662948 3183997503991143121 94899997507537531212991                        750
2 5582948 3183997503991143121 948 3997507537531411654                        750
2 5561948 3183997503991512142                                                750
2 5602948 3183997503991143121 94899997507537532112719                        750
2 6522948 4213997503991143121 948 4997507537501412183                        750
2 6512948 4213997503991143121 948 4997507707531411653                        750
1 7212948 7 83997503991142121 948 7993997507501212111                        750
2 7273948 7143997507701143121 94899997507707501612993                        750
1 7331948 7173997507501212111                                                750
3 7431948 7303997503991512111                                                750
2 7212948 7993997507531212342                                                750
1 7173948 7993997507501212111                                                750
2 7572948 8143997507501143121 948 8997507537531411653                        750
2 7602948 8143997507501143221 948 8997503999991212111                        750
2 7622948 8143997507501143121 948 8997507707531511533                        750
3 7933948 9 73993997701141113 94899997503997501642121 948 9997503997501112521750
3 8032948 9203997507531142121 948 9993997507501512111                        750
2 852294812113997507501143121 949 1997507537531412183                        750
9 845294812113997507501142221 949 1993997537531212719                        750
2 850294812113997507501143121 949 1997507537531411653                        750
2 853294812113997507501143121 949 9997507537531212232                        750
2 849294812113997507501143111 949 1 17507707531511533                        750
2 878294812293997507531142121 949 1993997537531211212                        750
2 6492948 4193997537531142121 948 4993997537531212152                        753
2 4582928 2 63997703991143111 948 2 67707503991212121                        770
1   51947 9303997703991212161                                                770
1 2351948 1 23997703991212111                                                770
3 2641948 1 63997703991512111                                                770
2 2702948 1 63997703991143122 94899997507709991699993                        770
1 3061948 1153997703991212111                                                770
9 3192948 1153997703991642111 948 1153997703991512719                        770
1 3582948 1173999993991141211 948 1177707507701212121                        770
2 3532948 1173997703991143122 948 1997707509991699993                        770
2 3552948 1173997703991143121 94899997703993991112991                        770
1 3602948 1173997703991141211 94899993997709991212142                        770
2 3462948 1173997703991143121 948 1997707707701112719                        770
2 3512948 1173997703991143121 948 1707707503991212111                        770
2 3471948 1173997703991143111 948 1177707507531514113                        770
2 3691948 1203997703991212142                                                770
1 4092948 1293997703991141211 94899997707507531514133                        770
2 4562948 2 63997703991143111 948 2 97707503991112521                        770
2 4793948 2103997703991143121 948 2997703999991142121 948 2993997537531212719770
2 4772948 2103997703991143121 948 2997707537531512213                        770
2 4732948 2103997703991143121 948 2997707507541514133                        770
2 4752948 2103997703991143121 948 2997707537531514993                        770
2 5012948 2123997703991142111 948 2123997533991612342                        770
2 5032948 2123997703991142121 948 2993997703991212342                        770
2 5571948 2183997703991512142                                                770
1 5491948 3 93997703991212111                                                770
2 5512948 3 93997703991142121 948 3993997503991212142                        770
2 5642948 3183997703991143121 94899997707537532112719                        770
2 5592948 3183997703991143121 948 3997707537531414993                        770
2 5612948 3183997703991143121 94899997707537532112719                        770
9 6482948 4193997703991142121 94899993997537531112719                        770
9 6472948 4193997703991142121 94899993997537531112719                        770
2 6532948 4213997703991143121 948 4997707537701412183                        770
2 6502948 4213997703991143121 948 4997707507531514133                        770
1 7203948 7 83997703991142121 948 7 83997703991142121 948 7973997707701212111770
1 7231948 7 83997707701212111                                                770
3 7173948 7 83997503991142121 94899997707507701141113                        770
1 7223948 7 83997703991142121 948 7 83997703991142121 948 7993997707531212342770
2 7282948 7143997707701143121 94899997707507701612993                        770
2 7302948 7163997707701143121 948 7167703997701141211                        770
1 7461948 7313997707701212111                                                770
1 7201948 7973997707701212111                                                770
2 7483948 7993997707701143121 94899997703997701141211 94899993997537531132173770
2 7221948 7993997707531212342                                                770
3 7502948 7993997707701141113 94899997707507531211533                        770
2 7592948 8143997707501143121 948 8997707507531514133                        770
2 7612948 8143997707501143221 948 8997703999991212111                        770
2 7582948 8143997707501143121 948 8997707537531511653                        770
2 7632948 8143997707501143121 948 8997707507531511533                        770
3 7741948 8213997707701512111                                                770
3 7943948 9 73993997701141113 94899997703997701642121 948 9997703997701112521770
3 7922948 9 73993997501141113 948 4997707507531211533                        770
3 7983948 9193997707501141113 948 9 67703997701642121 948 9997707539991212991770
3 7992948 9193999997501141113 948 9997707509991299993                        770
3 8042948 9203997707531142121 948 9993997707701512111                        770
2 848294812113997707501143121 949 1 17707507531511533                        770
2 847294812113997707501143121 949 1997707507531514133                        770
2 851294812113997707501143121 949 1997707537531412183                        770
9 844294812113997707501142221 949 1993997537531212719                        770
2 846294812113997707501143121 949 1997707537531511653                        770
1 864294812213997507501141211 94999997707507531514113                        770
2 877294812293997707531142121 949 1993997537531211212                        770
1 4072948 1293997533991141211 94899999997537531112719                        999
3 7022948 6 83999993991142121 948 6993997503991612991                        999
9 7872948 9 63999997701142121 948 9993997537531612719                        999
2 808394810 23999992251142121 94899993997709991643122 94899993997709999999999999
3 4132948 1305607505601141113 948 1297507507501114719                        750
3 829294811115609993991141113 94899997507707531712213                        750
1 5121948 2166457506451212181                                                750
3 5131948 2166457706451212183                                                770
2 3013948 1146887503991143121 94899997506889991142121 94899996887509991212142750
2 3003948 1146887703991143121 94899997706889991142121 94899996887709991212142770
3   62947 9307003993991141113 947 9303997703991212161                        399
3   72947 9307007703991141113 94799997707707701112719                        770
2 6203948 4177133883881143121 948 4993997503991142121 948 4993997537531212152388
2 4982948 2117133993991143121 948 2113997503991512111                        399
2 6273948 4177133993991143121 948 4993997703991142121 948 4993997537531212152399
3 4172948 1307137507131141113 948 1297507507501114719                        750
2 5812948 4127137503991143121 948 4997507537532112719                        750
2 6132948 4177137503991143121 948 4997507537531112719                        750
2 5962948 4177137703991143121 948 4997704997701312183                        770
2 5952948 4177137703991143121 948 4997707507701514133                        770
2 5822948 4177137703991143121 948 4997707537532112719                        770
1 6921948 5257407707701213111                                                770
3 7001948 6 67407707701513111                                                770
1 121194711 8750  2  21213111                                                  2
1 5232948 2297509997501141211 9489999  27507501223111                          2
1 5292948 3 2750  27501142121 948 399  27507501123121                          2
1 5302948 3 2750 207501142121 948 399 207507501123121                         20
1 141294711207502007501142322 94711997502007501123991                        200
1 142294711217502007501141211 94799992007507501711121                        200
1 180294712 97509997701141111 94799992007507501132173                        200
9 199294712227502007501142111 948 4 17507507501111719                        200
9 198294712227502007501142112 948 1 17507507501111719                        200
3 204194712237502007501114223                                                200
3 212394712307502007501142411 94712307503993991643121 94899993997533991212999200
1 7113948 6297502007501142321 948 6297502007501142321 94899997502007501412161200
2 7103948 6297502007501143121 948 6297502007501143121 948 6992007502001541113200
1 7291948 7157502009991113551                                                200
4 7562948 8 47509997501141114 94899992007707531711533                        200
3 711194899997502007501412161                                                200
3 4293948 2 37503993991141113 948 2502113993991143121 94899993997537531212719211
2 820294810997502207501143121 94810999982207501212719                        220
2 819294810997502207501143121 94810992202207501612719                        220
3 823194811997502207501132143                                                220
1 2261948 1 17503657501212161                                                365
4 5312948 3 37509997501141114 94899993657507531214113                        365
1 813194810177503652201112111                                                365
3   33947 9297503997501141113 94799993997503991142121 94799993997507501212342399
2  14394710 37503997501143121 94799993999993991642121 94799999999999991712223399
2 103294711 27503993991143121 94799993997537531112719                        399
2 149294711257503993991143121 94799993997537531112719                        399
1 211394712307503993991142121 99999997503993991143121 94899993997533991212999399
3 2372948 1 27503993991142421 99999997507708091211993                        399
3 2312948 1 27503993991142421 94899997507707701211533                        399
2 2303948 1 27503993991143121 948 1993997703991143121 948 1997707537531514133399
1 2321948 1 27503993991212111                                                399
2 2403948 1 27503993991143121 948 1993997703991143121 948 1997707507701514113399
2 2293948 1 27503993991143121 948 1993997703991143121 948 1997707537531511533399
3 2282948 1 27509997501141213 94899993997509991212993                        399
3 2661948 1 67503993991512111                                                399
1 2622948 1 67503993991142121 94899997507707701611523                        399
3 2902948 1107503997501142321 94899997507707701211363                        399
1 2942948 1107503997501141211 94899993997503991132111                        399
1 2982948 1127503993991142122 99999997507707539699993                        399
1 3031948 1157503993991212111                                                399
2 3253948 1157503993991143121 948 1993997703991143121 948 1997707507531511993399
2 3113948 1157503993991143121 948 1993997703991143121 948 1997707507531514113399
3 3202948 1157509993991141213 94899993997537531112719                        399
2 3243948 1157503993991143121 948 1993997703991143121 948 1997707507701514113399
2 3642948 1197503993991142121 94899993997509991212142                        399
3 3832948 1227503993991141213 948 1993997509991212342                        399
1 3872948 1247503993991142121 948 1997507703991212121                        399
1 3963948 1257503993991142121 948 1997503993991142121 94899997507537531712719399
2 4042948 1277503993991143121 94899993999997091212991                        399
3 4103948 1297503993991141113 948 1293997533991141211 94899999997537531112719399
2 4263948 2 37503993991143121 948 2993997703991143121 94899997707507531514133399
1 4312948 2 37503993991141211 94899993997707531514133                        399
3 4282948 2 37503993991141113 94899997507507501714719                        399
3 4252948 2 37503993991141113 94899997507507531714113                        399
1 4302948 2 37503993991141211 94899993997507531511533                        399
1 4923948 2107503993991142111 948 2107503159991143121 948 2993157703991212142399
3 4852948 2107503993991141113 94899993997503991712342                        399
2 4842948 2107503993991143111 948 2103997503991512111                        399
3 5112948 2157503997501141113 94899993997503991712342                        399
3 5102948 2157503997501642421 94899997507537531511653                        399
3 5142948 2167503997531141113 94899993997533991712342                        399
1 5212948 2267503993991141211 94899997507507501112719                        399
2 5272948 3 27503993991143111 948 3 83997503991212111                        399
2 5262948 3 27503993991143111 948 3 53997503991612111                        399
3 5372948 3 57509997501141113 94899993997503991712999                        399
1 5422948 3 87503993991141211 94899993997507561112719                        399
1 5461948 3 97503993991212111                                                399
3 5542948 3107503993991642121 94899997507537531511653                        399
3 5623948 3187503993991141113 948 3183997503991143121 94899997507537532112719399
3 5633948 3187503993991141113 948 3183997503991143121 99999993997507501112232399
3 6553948 4247509997501141113 948 4193997503991143121 948 4997507707531411653399
3 6563948 4247509997501141113 948 4193997503991143121 948 4997507707531412183399
3 6632948 4997503993991141113 94899997507707501621111                        399
3 6803948 5 67503993991141113 948 4193997503991143121 948 4997507537531411654399
3 6793948 5 67503993991141113 948 4193997503991142121 94899993997537531112719399
3 6813948 5 67503993991141113 948 4193997537531142121 948 4993997537531212999399
3 6862948 5 77503993991141213 948 5993997509991212999                        399
2 6882948 5 77503993991142121 948 5993997507501212342                        399
3 6892948 5 77503993991141113 948 5993997507501212342                        399
4 6872948 5 77503993991141114 948 5997507707501712213                        399
1 6992948 6 57503997501141111 94899993997507501212342                        399
9 6972948 6 57503997501142221 94899997503997501612999                        399
1 6982948 6 57503997501141211 94899997503997501212111                        399
3 7343948 7177503997501141113 948 7177503997501141113 94899997707507531211553399
1 7321948 7177503997501212111                                                399
3 7441948 7307503993991512111                                                399
3 7472948 7997503997501112533                                                399
9 7682948 8147503997501142121 948 8997507507501212719                        399
1 7733948 8207503997501141111 948 8143997507501143121 948 8997507537531411533399
1 7723948 8207503997501141111 948 8143997507501143121 948 8997507707531511533399
3 805294810 17509997501141113 94810 13997539991612991                        399
1 809294810 37509997501141211 94810 43999999999999991                        399
1 867394812237503997501141111 94812113997507501143121 949 1997507537531411653399
1 868394812237503997501141111 94812113997507501143121 949 1997707537531412183399
1 865394812237503997501141111 94812113997507501142221 949 1993997537531212719399
1 866394812257503997501141111 94812113997507501143121 949 1 17507707531511533399
2 879394899997503997501143121 94899993999999991141113 94899997707507531211993399
1  102957 9307507703991141111 947 9303997703991212161                        399
1  12394710 27507007501142121 99999997502007501143121 99999992007507501511121700
1 5333948 3 37509997501141211 94899997007507001142121 94899997007007001211719700
3 5322948 3 37507007501141113 94899997007507531714133                        700
3 826294810297509997501141113 94899997007502001414719                        700
9 717394899997507507501912719                                                750
1  33194710167507537501214151                                                753
1  45194710207507537501212111                                                753
1  52194710247507537501212111                                                753
3  56194710257507537501512111                                                753
1  61294710277507537501141111 94710277537507531132161                        753
1  60194710277507537531132161                                                753
1 115194711 47507537531112111                                                753
1 132294711117507537501142121 94711997507539991211991                        753
1 5362948 3 57509997501141111 948 3997537537501112719                        753
1 7311948 7997507537531299991                                                753
1 7511948 7997507537531112111                                                753
2 7532948 7997507537531143121 948 7997533997531612993                        753
3 7672948 8147509997501141113 99999997537537531712719                        753
1 563194899997507537531411653                                                753
3   12947 9297507707501141113 947 9997707507701212183                        770
3   22947 9297503997501141113 947 9997707507701112533                        770
3  112947 9307507707501141113 947 9997707507701112213                        770
3  18294710 57507707401141213 99999997707507561132143                        770
1  29294710147507707501142121 94799997507707501111991                        770
1  34194710167507707701112111                                                770
3  48294710237507707501141113 94710997707537531214113                        770
3  51294710237507707701142121 94710997507707501212213                        770
3  63194710277507707531111363                                                770
3  69194710277507707531321143                                                770
9  67294710277507707501142121 94710277507537531112719                        770
3  64194710277507707531111533                                                770
3  79294710307509997501141113 94799997707507531714113                        770
2  78294710307507707501143111 94710307707707701212183                        770
3  88194710317507707531321143                                                770
3  98194711 17507707531321143                                                770
1 101194711 17507707501112111                                                770
3 102394711 17509997501141113 94799997709997701141113 94710277507537531132143770
1 117194711 27507709991112111                                                770
3 105194711 27507707531321143                                                770
3 106294711 27507707501141113 94799997707507531112223                        770
3 104294711 27507707501141113 94711997707507531714113                        770
3 108194711 37507707531111633                                                770
2 113394711 47507707501143121 94711997709997701142121 94711997707707701212719770
3 112294711 47507707501141113 94711 47707507501111443                        770
3  97294711 47507707501642121 94711997507707531421143                        770
4 111294711 47507707501141114 94711 47507707701111443                        770
3 120294711 77507702001141113 94711997707507531714113                        770
1 119294711 77507709991142121 94799997707507701121111                        770
3 123194711 87507707531111533                                                770
3 124194711 87507707531111633                                                770
3 128294711107507707501141113 94711997707507561211443                        770
2 127294711107507707501143121 94711607707507561212111                        770
3 145294711237507707501142221 94711997507707501423151                        770
3 147294711257507707501141113 94711997707507531714113                        770
3 148294711257507707501141113 94711997707507531214113                        770
3 151194711307507707701142111 94711307507707501611131                        770
1 164194712 87507707701212111                                                770
1 165194712 87507707701211131                                                770
1 159194712 87507707701112111                                                770
1 184294712 97507707701142221 99999997507707701223111                        770
3 173194712 97507707701512111                                                770
1 183294712 97507707701142221 99999997507707701221991                        770
1 168194712 97507707701112521                                                770
1 172194712 97507707701112121                                                770
1 187294712 97507707701142221 99999997507707701213121                        770
3 175194712 97507707701511131                                                770
1 181294712 97507707701142221 99999997507707701123111                        770
3 185294712 97507707701142221 99999997507707701623151                        770
1 219194712207507707501214251                                                770
3 193194712207507707501223163                                                770
3 202294712227507707501142121 94712997507707501423151                        770
2 197394712227507707501142221 99999997503993991143122 99999993997709991299993770
3 195294712227507707501141113 94712227707507531714133                        770
1 196294712227507707501143121 94712997707507501514113                        770
1 203294712227507707501141211 99999997707509991113551                        770
1 200194712227507707501112121                                                770
1 213394712307507707501142121 94799997503993991143111 94899993997533991212999770
3 214294712307503993991141113 95799997707507531714993                        770
2 178294712997507707701143121 94712997707509991112521                        770
1 218194712997507707501123111                                                770
3 215294712997507707501142221 94712997507707501112533                        770
3 217194712997507707501514251                                                770
3 216194712997507707501112533                                                770
3 2222948 1 17507707531142121 948 1997507707531311533                        770
3 2241948 1 17507707501112533                                                770
3 2422948 1 27507707501142121 948 1997507707501112533                        770
3 2432948 1 27507707501142421 948 1997507707501112533                        770
2 2393948 1 27507703991143121 948 1997709999991143121 99999999997537531611993770
2 3212948 1 57507703991143121 948 1997707507531514133                        770
2 2793948 1 87507707501143421 94899997707507701142121 94899997507707701211363770
1 2802948 1 87509997501141211 94899997707507531514113                        770
1 2812948 1 87507707501141211 94899997707507531514113                        770
3 2851948 1 97507707531211533                                                770
1 2832948 1 97507707501142111 948 1117507707701212111                        770
3 2871948 1107507707531311533                                                770
3 2861948 1107507707531111633                                                770
3 3222948 1157503993991141113 948 1997707537701723993                        770
3 3092948 1157503993991141213 94899997707507531711533                        770
3 3102948 1157503993991141113 99999997707507531714113                        770
1 3262948 1157507707501142111 948 1157507707701123231                        770
3 3232948 1157503993991141113 948 1997707507531714113                        770
1 3612948 1187507707501142112 948 1187507707501511663                        770
1 3712948 1207507703991142111 948 1217507703991212121                        770
3 3742948 1217507703991141113 99999997707507531714113                        770
1 3731948 1217507703991112121                                                770
3 3852948 1237503993991141113 94899997707507701714113                        770
1 3931948 1247507703991212121                                                770
3 4011948 1257507707531311533                                                770
4 3982948 1257509997531141114 948 1997707507531914993                        770
9 4022948 1267507707501142111 948 2707507507561112719                        770
3 4051948 1277507703991512121                                                770
2 4122948 1297507703991143421 94899997707707701211719                        770
3 4112948 1297507703991141113 94899997707507531714113                        770
3 4231948 2 27507707531111633                                                770
1 4541948 2 67507703991212121                                                770
3 4662948 2 77507707501141113 94899997707507501111553                        770
3 4612948 2 77507707501141113 948 2997707507501211443                        770
3 4632948 2 77507707501142322 948 2997507709991299993                        770
2 4622948 2 77507707501143121 948 2997707507501511443                        770
3 4642948 2 77507707501141113 94899997707507501111523                        770
3 4711948 2 97507707531111633                                                770
3 4701948 2 97507703991512121                                                770
1 4942948 2117507707501142121 94899997507707701112991                        770
1 5071948 2147507707501112521                                                770
1 5092948 2147507707501142111 948 2147507707501212991                        770
3 5222948 2277507707501142111 948 3 17507707501423151                        770
3 5241948 3 17507707501423151                                                770
3 5382948 3 57509997501141113 94899997707507701712719                        770
3 5392948 3 57509997501141113 94899997707507531214113                        770
3 5402948 3 77507707501142121 948 3997507707501423151                        770
3 5692948 4 27507707501142111 948 4 27507707501623111                        770
3 5711948 4117507707531311533                                                770
2 6361948 4197507707501112512                                                770
3 6571948 4257507707701111523                                                770
1 6751948 5 57507707501113551                                                770
1 6731948 5 57507707501113551                                                770
1 6761948 5 57507707501233131                                                770
3 6941948 5267507707701111523                                                770
1 7071948 6247507709991113551                                                770
1 7051948 6247507709991113551                                                770
1 7133948 6997507709991142221 948 6997507709991142221 94899997507707501112363770
3 7261948 7137507707531311533                                                770
3 7401948 7207507707531311533                                                770
3 7961948 9127507707501211333                                                770
2 7972948 9187507707501143121 94899997707507701214719                        770
3 807294810 27509997501141113 94899997707507701714993                        770
3  15194810 57507707561212183                                                770
3 812194810 87507707531111633                                                770
1 816194810217507702001112111                                                770
2 830294811117507707501143121 94899997707507711132111                        770
3 834194811177507707531311533                                                770
2 837394811997507707701143121 94899997707507701141211 94899993997537531112719770
3 832194811997507707531311533                                                770
3 842294812 27509997501141113 94810117707507501111523                        770
3 841294812 27509997501141113 948 7217707507501111523                        770
3 839294812 27509997501141113 94811997703997701112533                        770
3 840294812 27509997501141113 948 8997707507531711633                        770
3 838294812 27509997501141113 94811997707507531311533                        770
3 843294812 27509997501141113 94810137707507501111523                        770
1 856294812157507707501142121 94999997507709991212111                        770
1 860294812157507707501142121 94999997507709991212121                        770
1 854194812157507707501112521                                                770
1 859194812157507707501142121 94999997507709991212991                        770
1 874194812217507709991112521                                                770
3 713194899997507707501112363                                                770
3 741194899997507707501799993                                                770
110011949 1 17507707531511533                                                770
3 2362948 1 27507733991141113 94799997737507531714113                        773
3 4242948 2 27507757501142121 948 2997507759991612111                        775
3 6423948 4197503993991141113 948 4179983993991143121 948 4993997537531212152998
3 6393948 4197503993991141113 948 4179987503991143121 948 4997507537531411653998
3 6413948 4197503993991141113 948 4179987503991143121 948 4997507537531112719998
3 6403948 4197503993991141113 948 4179987503991143121 948 4997507537531112719998
1 815294810217509992001141111 94810999989982001712111                        998
2  19394710 57509997501143121 94799997709997701141211 94799997507507561112719999
3 116294711 67509997501141213 99999999997537531111653                        999
3 157294712 47509997501142121 94799997509997501612511                        999
3 170294712 97509997501141113 94799997507709991212121                        999
3 169294712 97509997501141113 99999999997507501212142                        999
4 2232948 1 17509997501141214 94899997507707501211993                        999
4 2442948 1 27509997501141114 94899997507707501112533                        999
1 2412948 1 27509997501141211 94899997507707701111523                        999
1 2452948 1 27509997501141111 94899997507708091711993                        999
3 2682948 1 67509997501142421 94899997507708091211533                        999
3 2972948 1127509997501142421 94899997507707701623991                        999
3 3762948 1217509993991141113 948 1217507703991112121                        999
1 3812948 1227509993991141211 948 1997507703991712121                        999
3 4322948 2 37503993991141213 94899999997537531112719                        999
9 5282948 3 27509997501142121 948 3997507507501223719                        999
3 5352948 3 57509997501142121 94899997507537531711653                        999
3 5342948 3 57509997501642121 94899997507709991112991                        999
3 5532948 3107503993991141213 94899999997537531212719                        999
3 5552948 3157509997501142121 94899997507707531311533                        999
2 5672948 3257509998092143121 94899999997508091614719                        999
9 6372948 4197509997501142121 948 4997507507501212719                        999
3 6902948 5197509997501142121 948 5997507707501312183                        999
1 7293948 7157509997501141111 948 7157509997501141111 948 7157502009991113551999
1 7312948 7167509997501142121 948 7167507537531212991                        999
3 7353948 7177509999991141123 948 7177509999991141123 948 7997707509991311353999
3 7383948 7197509999991141123 948 7197509999991141123 948 7997707507531311533999
3 7393948 7207509997501141113 948 7207509997501141113 948 7997707507531311533999
3 7712948 8207509997501141113 948 8997507707701111523                        999
3 806294810 27509997501142121 94899997507707531711533                        999
1  75194710287533657531114251                                                365
1 2922948 1107539997501141211 948 1103997537531211212                        399
1 3673948 1197533993991141221 948 1993999993991143121 94899999997537531511653399
2 3662948 1197533993991143121 948 1993997533991214151                        399
3 4462948 2 57533993991141213 94899993997537531212719                        399
2 4903948 2107533993991143121 948 2993997503991141211 94899997507707701211533399
2 4892948 2107533993991143121 948 2993997703991512111                        399
2 4882948 2107533993991143121 948 2993997503991512111                        399
1  32194710167537507501212111                                                750
1  44194710207537507501212111                                                750
1  53194710247537507501212111                                                750
3  55294710247537507531141213 94799997507537531132143                        750
3  57194710257537507501512111                                                750
1  59194710277537507531132161                                                750
1 114194711 47537507531112111                                                750
2 2912948 1107537507501143121 948 1107507709991311533                        750
3 3652948 1197533993991141123 99999997507537531711654                        750
2 4912948 2107537503991143121 948 2997507707701211533                        750
1 7521948 7997537507531112111                                                750
3  37294710107537707531141113 94799997707537531714113                        770
3  30294710157537707531141113 94710997707537531214113                        770
3  43294710207537707531141113 94710997707537701112213                        770
2  38294710207537707531143121 99999997707537531212342                        770
3  41294710207537707531141113 94799997707537531799993                        770
3  36294710207537707531141113 94799997707537701223993                        770
2  39294710207537707531142121 94799997539997531143211 94799999997537531211121770
3  54294710247537707531141213 94799997707537531132143                        770
3 2931948 1107539997501211353                                                999
2 7842948 9 47539997531143121 94899997707537701512183                        999
2 7852948 9 47539997531143121 94899997507537501512183                        999
2 7862948 9 47539997531143121 94899993997537531212152                        999
2 7822948 9 47539997531143121 94899993997537531112719                        999
2 7832948 9 47539997531143121 94899997507537501532161                        999
1 153294811307539997531142121 94899997537507531132151                        999
2  2729471012770  27701143121 9479999  27707701213131                          2
3 5191948 226770  27701212173                                                  2
3 6911948 521770  27701114223                                                  2
2 683294899997701609991143121 94899991607537531212999                        160
1 126294711 87709997701141111 94799992007707701711121                        200
1 7163948 6997702007701142121 948 6997702007701142121 94899997707507531611533200
4 7952948 9 87709997701141114 94899992007707531711121                        200
1   41947 9307703993991212161                                                399
2 125294711 87703997531143121 94711993997707531212342                        399
2 140294711167703997701143121 94799993997537531211212                        399
2 162294712997703999991143121 94799993997503991212342                        399
3 2252948 1 17709997701141213 94899993997533991212993                        399
1 2341948 1 27703993991212111                                                399
1 2472948 1 37703997701141211 948 1993997509991212993                        399
3 2651948 1 67703993991512111                                                399
2 2632948 1 67703993991143111 948 1 67703993991512111                        399
1 2992948 1127703993991142122 99999997707507539699993                        399
4 3162948 1157703993991141114 99999997707507531714113                        399
1 3051948 1157703993991212111                                                399
2 3142948 1157703993991143121 948 1993997503991212142                        399
2 3121948 1157703993991431122                                                399
2 3152948 1157703993991143121 948 1993997537531212719                        399
4 3172948 1157703993991141114 99999997707508091211993                        399
3 3332948 1167703993991142421 94899997707507561211533                        399
2 3322948 1167703993991143122 948 1993997537539299991                        399
2 3443948 1167703993991143121 948 1993997503991143421 94899997507707531511653399
2 3453948 1167703993991143121 948 1993997503991143121 94899997509999991123241399
2 3293948 1167703993991143121 948 1993997509991143121 948 1997507708091511993399
2 3433948 1167703993991143121 948 1993997503991143421 94899997507707531611533399
2 3403948 1167703993991143121 948 1993997503991143121 94899997507707701121991399
2 3422948 1167703993991143121 94899993997509991212342                        399
2 3312948 1167703993991143121 948 1993997507501212993                        399
2 3413948 1167703993991143121 948 1993997503991143121 94899997507707501612533399
2 3393948 1167703993991143121 948 1993997503991143121 94899997507707701123991399
2 3522948 1177703993991143121 948 1993997537531211212                        399
2 3632948 1197703993991142121 94899993997709991212142                        399
1 3622948 1197703993991141211 94899993997709991212142                        399
2 3782948 1217703993991143121 94899993997509991212342                        399
1 3862948 1247703993991142121 948 1997707503991212121                        399
1 3943948 1257703993991142121 948 1997707509991143121 94899997507537531511653399
1 3953948 1257703993991142121 94899997703993991143121 94899993997533991212991399
3 4343948 2 37703993991141213 94899993997709991143121 94899997707507531514133399
2 4432948 2 47703993991143121 948 2 43999993991112999                        399
2 4682948 2 97703993991143111 948 2 93997703991512111                        399
2 4672948 2 97703993991143111 948 2 93997503991512111                        399
3 4862948 2107703993991141213 948 2993997503991512111                        399
1 4813948 2107703993991141111 948 2103997703991143121 948 2997707537531514993399
1 4803948 2107703993991141111 948 2103997703991143121 948 2997707507531514133399
1 4832948 2107703993991141111 948 2993997537531212719                        399
1 4823948 2107703993991141111 948 2103997703991143121 948 2997707537531512213399
2 5163948 2187703993991143121 948 2993997503991143121 948 2997507507561211719399
2 5183948 2187703993991143121 948 2993997503991143121 948 2997507507561212719399
2 5173948 2187703993991143121 948 2993997503991143121 948 2997507507561212719399
2 5442948 3 87703993991143121 94899993997537531112719                        399
3 5653948 3187703993991141113 948 3183997703991143121 94899997707537531414993399
2 6593948 4307703993991143121 948 5993997703991142121 948 5997707537531211999399
3 6583948 4307703997701141113 948 4193997533991142121 948 4993997537531212719399
2 6852948 5 77703993991143121 948 5993997507501212342                        399
3 6782948 5997703993991141113 948 5997707507501113551                        399
1 7183948 7 77703997701141111 948 7 77703997701141111 94899997707507531211533399
1 7241948 7 87703993991212111                                                399
1 7302948 7167703997701141211 948 7997707507531511533                        399
3 7473948 7317703997701141113 948 7317703997701141113 948 7997503997501112533399
1 7451948 7317703997701212111                                                399
3 7492948 7997703997701141213 948 7993997537531132173                        399
1 7542948 8 27703997701141111 948 4997707507531711533                        399
3 7751948 8217703997701512111                                                399
9 7801948 9 27703997701112719                                                399
4 7812948 9 27703997701141114 94899997707707701112719                        399
1 7903948 9 67703997701141111 948 8143997707501143121 94899997707507531514133399
1 7893948 9 67703997701141111 948 8143997707501143121 94899997707537531511653399
1 7913948 9 67703997701141111 948 8143997707501143221 94899997503993991212111399
3 7882948 9 67703997701642121 948 9997707539991212991                        399
2 811294810 67703999991143121 9489999  27509999799991                        399
2 827294810307703993991143121 94899993997509991212342                        399
1 828394810317703993991142421 94899997703993991141111 94899993997709999912999399
2 835294811197703997701143121 94811993997707701123111                        399
2 836294811217703999991143121 94811993997503991212342                        399
1 870394812237703997701141111 94812113997707501143121 949 1997707537531511653399
1 869394812237703997701141111 94812113997707501142221 949 1993997537531212719399
1 873394812237703997701141111 94812113997707501143121 949 1997707537531412183399
1 871394812237703997701141111 94812113997707501143121 949 1997707507531514133399
1 872394812237703997701141111 94812113997707501143121 949 1 17707507531511533399
1 6931948 5257707407701213111                                                740
3 7011948 6 67707407701513111                                                740
3 5741938 4177707507701114213                                                750
3  22294710 87709997701141113 94799997507707701214113                        750
3  23294710 87709997701141113 94799997507507551712719                        750
3  24394710117707507701141113 94799997507707501143121 94799997707707701214993750
3  25194710117707507701423151                                                750
3  28194710147707507501111993                                                750
1  35194710167707507701112111                                                750
2  49294710237707507701143121 94710997507507501212719                        750
3  62194710277707507531114993                                                750
3  65194710277707507531214133                                                750
2  73294710287707507701143121 94799997507707701212121                        750
3  70294710287707507701142111 94710287707507531211533                        750
3  81294710307707507701141113 94710277507707531211533                        750
1  93294711 17707507701142221 94711997707507531414993                        750
2  95294711 17707507701142221 94711997707537531112719                        750
2  91294711 17707507701143221 94711997507707531421143                        750
2  94294711 17707507701143221 94711 17507537531112719                        750
2  90294711 17707507701143211 94711 37507707531511533                        750
1 100194711 17707507701112111                                                750
3  99194711 17707507531314133                                                750
1  92294711 17707507701142211 94711 37707507531514133                        750
3 107294711 27707507701141113 94711507507507501112719                        750
3 110294711 47707507701141113 94711997507707701111443                        750
1 118194711 77707509991112111                                                750
2 130294711107707507701143121 94711997507507501112719                        750
3 131294711107707507701642221 94799997707509991212111                        750
3 129294711107707507701141113 94710997507507561112719                        750
3 137194711137707507711423151                                                750
3 139294711167709997701141113 94799997507537531211653                        750
3 138394711187707507701141113 94711997507707501142121 94711997507707701723231750
2 146294711247707507701143122 94799999997537531212991                        750
2 155294711997707507701143221 94711997507707531421143                        750
3 154294711997709997701141113 94711997507537531712223                        750
1 156294711997707507701142222 94711997707507531514133                        750
1 160194712 87707507701112111                                                750
1 163194712 87707507701212111                                                750
1 166194712 87707507701211131                                                750
3 176194712 97707507701511131                                                750
1 188294712 97707507701142221 99999997707507501213121                        750
1 171194712 97707507701112121                                                750
3 186294712 97707507701142221 99999997707507501623151                        750
1 182294712 97707507701142221 99999997707507501224991                        750
3 174194712 97707507701512111                                                750
1 167194712 97707507701112521                                                750
1 177294712117707507701141211 94799997707509991213111                        750
3 191194712207707507531314133                                                750
3 192194712207707507501111523                                                750
1 201194712227707507501112121                                                750
2 179294712997707507701143121 94712997507709991112521                        750
3 161294712997707507701141113 94799997507707531712213                        750
3 2202948 1 17709997701141213 94899997507709991111643                        750
3 2462948 1 27707507701141113 948 1507507707701111523                        750
3 2492948 1 37707509991141113 94899997507707501712213                        750
3 2582948 1 37707507701141113 99999997507707501621111                        750
3 2562948 1 37709997701141113 99999997507709991712993                        750
3 2502948 1 37707507701141213 94899997507708091299993                        750
3 2512948 1 37707507501141213 94899997507707701111523                        750
3 2592948 1 37707507701141113 99999997507707501112533                        750
3 2572948 1 37707507701141113 99999997507707501623111                        750
3 2482948 1 37707507701141213 94899997507708091299993                        750
3 2611948 1 57707507531314133                                                750
3 2601948 1 57707507701211313                                                750
3 2771948 1 77707507701311313                                                750
3 2821948 1 87707507531314133                                                750
1 2842948 1 97707507701142111 948 1117707507701212111                        750
3 2891948 1107707507501112533                                                750
3 2881948 1107707507501142111 948 1107707507701621121                        750
3 2962948 1117707507701141113 94899997507707501523231                        750
3 2951948 1127707507531314133                                                750
3 3072948 1157703993991141113 99999997507707701111523                        750
3 3082948 1157703993991141113 99999997507707501712533                        750
3 3382948 1167703993991141113 99999997507707501723991                        750
3 3362948 1167703993991141113 948 1997507707701111523                        750
3 3282948 1167703993991141113 99999997507707501712213                        750
3 3342948 1167703993991141113 948 1997507537531712223                        750
3 3372948 1167703993991141113 948 1997507707501712533                        750
3 3352948 1167703993991141113 948 1997507507501711719                        750
1 3702948 1207707503991142111 948 1217707503991212121                        750
3 3752948 1217707503991141113 94799997507707531712223                        750
1 3721948 1217707503991112121                                                750
4 3842948 1237703993991141214 94899997507707501212213                        750
1 3921948 1247707503991212121                                                750
4 3902948 1247707507701141114 99999997707507531211993                        750
3 3971948 1257707507501114123                                                750
3 3991948 1257707507531314133                                                750
3 4061948 1277707503991512121                                                750
3 4192948 1307707503991141113 948 1297507507501114719                        750
3 4202948 1307707507701141113 948 1297507507501114719                        750
3 4272948 2 37703993991141113 94899997507707501712213                        750
3 4332948 2 37703993991141113 94899997507707701711523                        750
3 4442948 2 57703993991141113 948 2 57507707501712213                        750
1 4551948 2 67707503991212121                                                750
9 4652948 2 77707507701142111 948 2 77707707701212719                        750
3 4691948 2 97707503991512121                                                750
3 4931948 2107707507531314133                                                750
3 4963948 2117703993991141113 948 2107503993991143111 948 2103997503991512111750
4 4992948 2117707507711141114 94899997707507701211443                        750
1 5061948 2147707507701112521                                                750
1 5082948 2147707507701142111 948 2167707507501212991                        750
3 5152948 2187703993991141113 94899997507507561112719                        750
3 5202948 2267703993991141113 948 2997507507561112719                        750
3 5251948 3 17707507701423151                                                750
3 5412948 3 77707507501142121 948 3997707507701423151                        750
3 5432948 3 87703993991141113 948 2997507507561112719                        750
3 5522948 3107703993991141113 948 2997507537531112719                        750
3 5702948 4 47707507501141113 948 4 27507707501523111                        750
3 5732948 4147703993991141113 948 5267507709991112213                        750
2 6351948 4187707507501112512                                                750
3 6602948 4307709987701141113 94899997507707501621111                        750
3 6611948 4997707507531211533                                                750
1 6672948 5 37709997701141211 94899997507537531511653                        750
3 6712948 5 37707507701142221 948 5997707507501211993                        750
1 6772948 5 57707507501142121 948 5997707507501223231                        750
1 6741948 5 57707507501113551                                                750
1 6721948 5 57707507501113551                                                750
3 6842948 5 77703993991141113 94899997507507501712213                        750
3 6641948 5 97707507531311533                                                750
1 7081948 6247707509991113551                                                750
1 7061948 6247707509991113551                                                750
1 7123948 6997707507701142121 948 6997707507701142121 94899997707507531311533750
2 7182948 7 77707507531141112 948 7997707507531211533                        750
3 7251948 7137707507531311533                                                750
3 7381948 7997707507531311533                                                750
3 7391948 7997707507531311533                                                750
1 7371948 7997707507501214151                                                750
3 7351948 7997707507701311313                                                750
3 7642948 8147709997701141213 948 8997507707501212213                        750
3 7702948 8207709997701141113 948 8997507707701111523                        750
1 817194810217707502001112111                                                750
3 831394811117709997701141113 948 9997507707501143121 948 9997707537531511653750
3 152194811307707507701142111 94811307707507701611131                        750
3 833194811997707507531311533                                                750
1 857294812157707507501142121 94999997707509991212111                        750
1 855194812157707507501112521                                                750
1 858294812157707507501142121 94999997707509991212991                        750
1 861294812157707507501142121 94999997707509991212121                        750
1 875194812297707509991112521                                                750
1 876294812297707509991142121 949 1997707537531511653                        750
3 734194899997707507531211553                                                750
3 712194899997707507531311533                                                750
110051949 1 17707507531511533                                                750
3  20194710 67707537531132143                                                753
3  26294710127707537701141113 94710997537537531714719                        753
3  42394710207707537701141113 94799997539997531143121 94799999997537531211121753
1  40394710207707537701141111 94710207537707531143121 94799999987707531212342753
3  46194710227707537531214133                                                753
3  58294710257707537701141113 94799997537507531132161                        753
3  76294710297702007701141113 94710997537707531112213                        753
3  80294710307709997701141113 94710277537507531132161                        753
3  89294710997707537701141113 94710997537707531712213                        753
3 3022948 1157703993991141113 94710277537507531132161                        753
3 3272948 1157703997701141213 94899997537707531212213                        753
3 3302948 1167703993991141113 99999997537707531712213                        753
1 5041948 2127709982111112511                                                998
3 6343948 4177709993991141113 948 4179983993991143121 948 4993997537531212999998
3 6323948 4177709993991141113 948 4179987703991143121 948 4997707507531514133998
3 6333948 4177709993991141113 948 4179987703991143121 948 4997709996601312183998
3 6313948 4177709993991141113 948 4179987703991143121 948 4997707537531112719998
3 6463948 4197703993991141113 948 4179983993991143121 948 4993997537531212999998
3 6433948 4197703993991141113 948 4179987703991143121 948 4997707537531112719998
3 6443948 4197703993991141113 948 4179987703991143121 948 4997709999999999999998
3 6453948 4197703993991141113 948 4179983993991143121 948 4997709997701312183998
1 6702948 5 37709997701141211 94899999987537531112719                        998
1 6692948 5 37709997701141211 94899999987537531211212                        998
3  21394710 67709997701141113 94799999997709991642121 94799997707507561132143999
3  50294710237709997701642121 99999997707508091132161                        999
1  72294710287709997701142111 94710287707507531611533                        999
4 134294711117709997701141114 94799997707537531714113                        999
1 2552948 1 37709999991141211 94899999997509991212342                        999
4 2532948 1 37709999991141114 94899997707507701714113                        999
1 2542948 1 37709999991141211 94899999997709991212342                        999
3 3772948 1217709993991141113 948 1217707503991112121                        999
1 3822948 1227709993991141211 948 1997707503991712121                        999
2 5682948 3257709998092143121 95899999997708091614719                        999
9 6382948 4197709997501142121 948 4997707797791212719                        999
3 6662948 5 37709997701142421 99999997709987701512511                        999
1 6682948 5 37709997701141211 94899997707537531511653                        999
4 7363948 7177709999991141114 948 7177709999991141114 948 7997707507531211533999
3 7373948 7177709997701141213 948 7177709997701141213 948 7997707507501214151999
3 7413948 7297709997701141113 948 7297709997701141113 94899997507707501799993999
3 7693948 8147709999991141113 948 8999999999991141122 94899997707507531711533999
3 824294810257709992001141113 94810217707502001112111                        999
2 825294810257709992001143121 94899993997537531112719                        999
3 4222948 2 18407508401141113 948 1297507507501114719                        750
1  16294710 59007709001141111 94799997707707701712719                        770
1 5722948 4149987503991142121 94899999987507501213131                        750
1 5051948 2129987702111112511                                                770
3 252194899999997537531211993                                                753
