1 1511976 210  2396  21112111                                                396
1 1751976 4182003853851112111                                                385
1  231975 9112003953951212121                                                395
1  78197511162003953951212121                                                395
2  79297511162003953951143121 99999993952009951511313                        395
3  80297511162003953951142321 99999992003953951512121                        395
3  25197511172003953951512121                                                395
3  30297511172003953951142121 99999992003959951712223                        395
3  31197511172003953951312223                                                395
1  81297511172003953951142221 99999992003959991212121                        395
3  82297511172003953951142221 99999992003959951211313                        395
3   1197511182003959951211313                                                395
3  83297511202003952001142221 99999992003959951311313                        395
3  32197511252003959951311313                                                395
1  92197512 22003959951411313                                                395
3  21197512 62003959951111313                                                395
3  95197512 72003959951311313                                                395
1  99297512112003952111142121 99999992003952111212121                        395
3 102297512112003952111141113 97512113952009951311313                        395
1 105297512122003952111142221 99999992003959991212121                        395
2 107297512162003953991143121 99999993952009991212121                        395
1 108297512162003953991142221 99999992003959991212121                        395
4 112297512282003952001141114 99999992003959951111993                        395
3 1142976 1 72003952001141113 976 1 63952009951111313                        395
3   61976 1 92003959951111313                                                395
3   72976 1 92003952001141113 976 1 93952009951311313                        395
1 1192976 1122003952111142221 99999992003959951511313                        395
2 1202976 1122003952111143121 99999993952009951511313                        395
1  372976 1192003952001142121 99999992003959951511313                        395
3  382976 1192003952001142221 99999992003959951211313                        395
1  583976 1192003952111142121 99999992003959991143121 99999993952002001212121395
1  592976 1192003952111142221 99999992003952001212121                        395
3 1222976 1202003952001142221 99999992003959951211313                        395
2 1242976 1202003952001141112 99999992003959951411313                        395
1  131976 1232003952001212121                                                395
3  161976 1272003952001512121                                                395
3  632976 1272003952001142321 99999992003959951211313                        395
2  642976 1272003952001143121 99999993952009951511313                        395
3  652976 1272003953951141113 99999993952009951711313                        395
1 2072976 1282003952001142221 99999992003953951113551                        395
3 1302976 2 32003952001142221 99999992003959951211313                        395
3 1332976 2 32003952001141113 976 1803952002001112121                        395
1 1312976 2 42003952001142221 99999992003959991112521                        395
3  671976 2 52003959951311313                                                395
3 1441976 2 62003959951311313                                                395
1 2092976 2 62003952001142121 99999992003953951113991                        395
1 1552976 2192003952001142221 99999992003959991212121                        395
1 1581976 2202003953951112111                                                395
3 1611976 2292003959951111313                                                395
3 1662976 3152003952001642321 99999992003959951411313                        395
1 1682976 3262003952001142221 99999992003959951511313                        395
3 1691976 3262003959951111313                                                395
3 1711976 4 12003959951111313                                                395
3 1732976 4 22003952001141113 976 4 13952009951311313                        395
3 1781976 4242003959951111313                                                395
3 1801976 4252003959951112223                                                395
3 1811976 4262003959951111313                                                395
3 1821976 4302003959951111313                                                395
3 1841976 5 62003959951311313                                                395
3 1851976 5 62003959951111313                                                395
3 1871976 5 72003959951111313                                                395
3 1902976 5122003953951141113 976 5123952009951311313                        395
1 1911976 5192003953851112111                                                395
3 2011976 5202003959951111313                                                395
1 2021976 5212003953851112111                                                395
3  201976 5222003959951111313                                                395
3 2051976 5232003959951111313                                                395
1  731976 5302003959951411313                                                395
1  691976 6 12003953851112521                                                395
1  712976 6 12003953851142121 99999992003959951511313                        395
3 103297512112003962111642421 99999992003959951511313                        396
1  571976 1192003962111112111                                                396
2 1482976 2 92003962001143121 99999993962002001212111                        396
2 106297512122003952111142221 99999999992009991212142                        999
2 1462976 2 82003952001142121 99999999992009991112142                        999
2 1562976 2192003952001142121 99999999992009991212142                        999
2  89297512 52552002551142221 99999992552009991212142                        200
2  90297512 52553952551142221 99999992553959991212142                        395
1 1761976 4183852003851112111                                                200
2 1932976 5193852003851143121 99999992003959951511313                        200
1 1921973 5193952003851112111                                                200
1  221975 9113952003951212121                                                200
3  76297511 93952003951142111 97511133952009551211313                        200
3  29197511153952009951111313                                                200
1  77197511163952003951212121                                                200
3  24197511173952003951512121                                                200
3   2197511203952009951111313                                                200
3  84297511203952003951141113 99999992003959951111313                        200
3  85197511213952009951111313                                                200
3  33297511243952002001141113 99999992003953951111313                        200
3  86197511253952009951111313                                                200
3  87297511253952003951142121 99999993952009951211533                        200
3  88197511253952003951112223                                                200
3  34197511263952003951523151                                                200
3  35197511263952003951531121                                                200
3  91197512 23952009951111313                                                200
3  93197512 33952009951111313                                                200
3  94197512 53952009951111313                                                200
1  96297512 93952003951142111 97512113952002111212121                        200
3  97197512 93952009951111313                                                200
3  98197512113952009951111523                                                200
3 100297512113952002111642321 99999993952002111212121                        200
3 101297512113952002111141113 97512112003959951311313                        200
3 104297512113952003991141113 99999992003959951711313                        200
3 109297512163952003991141113 99999992003959951711313                        200
3 110197512283952009951111313                                                200
3 111297512283952002001141113 99999992003959951111993                        200
3 1132976 1 73952003951141113 976 1 62003959951111313                        200
3  412976 1 83952003951142321 99999993952002001512161                        200
2  422976 1 83952003951143121 99999992003959951511313                        200
3 1172976 1123952002111642321 99999993952009991112521                        200
2 1182976 1123952002111143121 99999992003959951511313                        200
3   82976 1133952003951142111 976 1153952002001512161                        200
2   92976 1133952003951143111 976 1152003959951511313                        200
3  102976 1143952002001142111 976 1213952002001512161                        200
2  112976 1143952002001143111 976 1212003959951511313                        200
3  392976 1193952003951142321 99999993952002001512161                        200
2  402976 1193952003951143121 99999992003959951511313                        200
3  431976 1193952009951111313                                                200
3 1232976 1203952003951642921 99999993952009991212121                        200
1 1252976 1223952003951142111 976 1233952002001212121                        200
1  121976 1233952002001212121                                                200
3 1262976 1233952009951142321 99999993952009951311313                        200
1 1272976 1233952002111642121 99999993952009951311313                        200
3  141976 1263952009951111313                                                200
3  151976 1273952002001512121                                                200
3 1282976 2 13952003951142313 99999992003959991612521                        200
3 1291976 2 23952003951111313                                                200
3 1322976 2 33952003951141113 976 1802003952001112121                        200
3 2063976 2 33952003951642321 976 1282003952001142221 99999992003953951113551200
1 2082976 2 33952003951142221 99999993952009991212121                        200
3 1362976 2 43952003951642121 99999993952009951511313                        200
1 1372976 2 43952003951642121 99999993952002001512161                        200
3  172976 2 53952003951142221 99999993952002001512161                        200
2  182976 2 53952003951643121 99999992003959951311313                        200
3  661976 2 53952009951111313                                                200
3 1382976 2 63952003951642321 99999993952009991212121                        200
3 1392976 2 63952003951141113 99999992003959951311313                        200
3 1451976 2 63952009951111313                                                200
3 1492976 2 93952003951642321 99999993952009991212121                        200
3 1521976 2113952009951111313                                                200
3 1531976 2183952009951111313                                                200
4 1542976 2183952003951141114 976 2153952009951311313                        200
3  601976 2193952002001512161                                                200
3  681976 2193952009951111313                                                200
1 1571976 2203952003951112111                                                200
3 1591976 2233952009951111313                                                200
3 1642976 3103952003951141113 99999992003959951311313                        200
3 1651976 3123952009951311313                                                200
3 1701976 3263952009951111313                                                200
3 1721976 4 13952009951111313                                                200
3  191976 4 23952009951111313                                                200
3 1742976 4 23952003951141113 976 4 12003959951311313                        200
3 1771976 4223952009951111313                                                200
3 1791976 4243952009951111313                                                200
3 1831976 4303952009951111313                                                200
3 1861976 5 63952009951111313                                                200
3 1881976 5 73952009951111313                                                200
3 2102976 5 73952003951141113 99999992003959951111993                        200
3 1891976 5123952009951111313                                                200
3 1973976 5203952003851141113 99999992003959991642121 99999993952009951132243200
3 1982976 5203952003851642321 99999993952009991212121                        200
3 1992976 5203952003851642121 99999993952009951511313                        200
3 2001976 5203952009951111313                                                200
1 2031976 5213952003851112111                                                200
3 2041976 5233952009951111313                                                200
1  741976 5313952003851212121                                                200
1  751976 5313952003851212121                                                200
1  701976 6 13952003851112521                                                200
1  722976 6 13952003851142121 99999993952009951511313                        200
3   3297511263953963951642911 97512113953962111212111                        396
3   4297511283953963951142421 99999993953963951512161                        396
3   5297511283953963951142421 99999993953963951531121                        396
2  442976 1 83953963951143121 99999993963969991212111                        396
1  471976 1123953962111112111                                                396
3  492976 1123953962111142421 99999993953963951112993                        396
1  531976 1143953962111212111                                                396
3  551976 1153953962111512111                                                396
1  621976 2123953963951112111                                                396
2 1602976 2253953962111642121 99999993963959951212342                        396
3 1962976 5203953963851142411 97611203953969991512161                        396
3  262975 7153959993951142111 97510153959993951332243                        999
1  272975 7153959993951142221 99999993959999991212121                        999
3  28197510153959993951332243                                                999
1 1153976 1 83959993951142121 99999993953969991143121 99999993963953951212991999
2 1472976 2 83952003951642121 99999999993959991112142                        999
1 1501976 210396  2  21112111                                                  2
2  512976 1123962002111142121 99999993962002001212142                        200
1  561976 1193962002111112111                                                200
1 1213976 1203962002111141111 99999992003959991142221 99999992003959991212121200
2 1352976 2 43962002111143121 99999992003959951611313                        200
2 1412976 2 63962002111143121 99999992003959991212121                        200
2 1432976 2 63962002111142221 99999993962009991212142                        200
3 1952976 5193962003851141113 99999992003959951311313                        200
1  481976 1123963952111112111                                                395
2  502976 1123963952111142121 99999993963953951212142                        395
1  521976 1143963952111212111                                                395
3  541976 1153963952111512111                                                395
2 1342976 2 43963952111143121 99999993952009951611313                        395
2 1402976 2 63963952111143121 99999993952009991212121                        395
2 1422976 2 63963952111142221 99999993963959991212142                        395
1  611976 2123963953951112111                                                395
3 1942976 5193963953851141113 99999993952009951311313                        395
1 1162976 1 93969992111142111 976 1123963962111212111                        999
3 1622976 2299972003901141113 99999992003919951211313                        200
2 1632976 2299972003901143121 99999992003959951511313                        200
2 1672976 3269972003801143121 99999992003959951511313                        200
3  36197511279992003951114213                                                200
3  451976 1109993963951114213                                                396
3  461976 1119993963951114213                                                396
