1  991914 2512002203651112111                                                220
1  921914 7212002203001112111                                                220
1 2101914 7262002203002112111                                                220
2 2742914 7272002202001143111 914 7282202552002212111                        220
2 2752914 7272002202001143111 914 7272202002002212111                        220
2 4153914 8 22002202001143121 914 8 22202002201142121 914 8 22112202111712362220
1  151914 6282002553001112111                                                255
1  191914 6302002552551112111                                                255
1  481914 7 62002552001112111                                                255
1  531914 7 92002552001112111                                                255
1  631914 7152002552001112111                                                255
3  662914 7152002552001642112 914 7992003659991112521                        255
1  901914 7212002552551112111                                                255
1 1111914 7222002552001112111                                                255
1 1491914 7232002552001112111                                                255
1 1541914 7242002552001112111                                                255
1 1771914 7252002552551112111                                                255
2 2542914 7262002552001143121 914 7262553659991212142                        255
2 2552914 7262002552001143121 914 7262553009991212142                        255
3 2251914 7262002552001211353                                                255
2 2522914 7262002552001142121 914 7262003659991212142                        255
2 2532914 7262002552001142121 914 7262003009991212142                        255
2 2722914 7272002552001143111 914 7282552002002212111                        255
2 2732914 7272002552001143111 914 7282552202002212111                        255
3 2791914 7272002552001211333                                                255
1 3111914 7282002552551112111                                                255
3 3131914 7282002552001211313                                                255
3 3361914 7292002552001211333                                                255
3 3321914 7292002551851311313                                                255
4 3352914 7292002552001141114 914 7992002552001211353                        255
3 3371914 7292002552001311333                                                255
3 3551914 7302002552001311333                                                255
2 3542914 7302002552001143122 914 7302553659991212991                        255
3 3561914 7302002552001112173                                                255
3 3761914 7312002553901311313                                                255
2 3792914 7312002552001643122 914 7312553653651211533                        255
2 4153914 8 22002552001143121 914 8 22552002551142121 914 8 22112552111712362255
3 4161914 8 22002552001112173                                                255
360062914 8 22002552001142221 91499992002552201211533                        255
1 4101914 8 22002552001112111                                                255
260072914 8 22002552001143321 91499992552202201611533                        255
360031914 8 42002552001112363                                                255
3  652914 7152002552001141213 914 7993003453451132143                        300
1  671914 7162003003001212111                                                300
1 1011914 7212003003651112111                                                300
1 1231914 7232003002001112111                                                300
1 1141914 7232003003001112111                                                300
1 1521914 7242003002001112111                                                300
1 2352914 7262003003001142422 91499992003009991619993                        300
1 2571914 7262003002001112111                                                300
1 2362914 7262003003001142422 91499992003459991619993                        300
1 2091914 7262003003002112131                                                300
2 2772914 7272003002001143121 914 7273003453001511353                        300
2 3332914 7292003002001143121 914 7292003009992212142                        300
2 3342914 7292003002001143121 914 7292003459991212142                        300
1  781914 7182003453451112111                                                345
1  971914 7212003453651112111                                                345
1 1251914 7232003452001112111                                                345
2 2782914 7272003452001143121 914 7273453003451511353                        345
1  501914 7 82003652001112111                                                365
1  741914 7182003653001112111                                                365
1 1041914 7212003653651112111                                                365
1 1941914 7252003653651112111                                                365
9 2621914 7262003653651199999                                                365
1 2071914 7262003653002112111                                                365
2 2762914 7272003652001143121 914 7273653003651511353                        365
2 3802914 7312003652001643122 914 7312553653651211353                        365
2 3952914 8 12003652001143121 914 8 13652552551511353                        365
3 3811914 7312102552101211353                                                255
3 3821914 7312112552111211353                                                255
1  931914 7212202003001112111                                                200
1  981914 7212202003651112111                                                200
1 2141914 7262202003002112131                                                200
1 4012914 8 12202552201141111 914 8 12112552111712362                        211
1 4022914 8 12202552201141111 914 8 12113652111712362                        211
2 4172914 8 22202552201142121 914 8 22122552121112362                        212
1  881914 7212202552551112111                                                255
1 1271914 7242202552551112111                                                255
1 1971914 7252202552201112111                                                255
1 2221914 7262202552201112131                                                255
2 2183914 7262202552201143111 914 7262553002551143111 914 7993003653001611513255
3 2851914 7272202552201114213                                                255
3 3141914 7282202552201211313                                                255
3 3151914 7282202552201211333                                                255
3 3391914 7292202552201311313                                                255
3 3381914 7292202552201211333                                                255
3 3571914 7302202552201311333                                                255
173571914 7302202552201411313                                                255
273782914 7312202552201141114 914 7313653003651211353                        255
1 3782914 7312202552201642311 91499992202552201211353                        255
2 3772914 7312202552201643321 91499992552202551211353                        255
1 3941914 8 12202559991112111                                                255
373981914 8 12202552201211353                                                255
3 3981914 8 12202552201111513                                                255
273972914 8 12202552201143211 914 8992552209991212121                        255
283972914 8 12202552201142211 914 8992202559991212121                        255
2 3972914 8 12202552201642111 914 8 12203652201112362                        255
3 4001914 8 12202552201212183                                                255
2 3962914 8 12202552201642111 914 8 12202552201112362                        255
3 4211914 8 22202552551211313                                                255
3 4182914 8 22202552201141113 914 8 22552202201211523                        255
1 4051914 8 22202552201112111                                                255
3 4201914 8 22202552551111523                                                255
3 4192914 8 22202552201141113 914 8 22552122121211523                        255
3 4221914 8 22202552201112173                                                255
3 4241914 8 32202552201211533                                                255
1  341914 7 42203002201112111                                                300
1 1021914 7212203003651112111                                                300
1 1081914 7222203003001112111                                                300
1 1471914 7242203002201112111                                                300
1 2131914 7262203003002112131                                                300
3 2891914 7262203002201111333                                                300
3 2511914 7262203002201211333                                                300
3 2491914 7262203002201321133                                                300
3 3991914 8 12203002201111513                                                300
3  142914 6282203452201141113 914 6283453003001114143                        345
1  361914 7 42203452201112111                                                345
1  941914 7212203653651112111                                                365
1 1201914 7232203653651212111                                                365
1 1422914 7242203653651142122 91499992203659991212991                        365
1 1412914 7242203653651142122 91499992203659991219991                        365
1 1951914 7252203653651112111                                                365
3 1701914 7252203653651512111                                                365
1 2081914 7262203653002112111                                                365
1 2111914 7262203653002112111                                                365
3 3831914 7312252552251211353                                                255
3  101914 6252552002551112213                                                200
1  161914 6282552003001112111                                                200
1  181914 6302552002551112111                                                200
1  471914 7 62552002001112111                                                200
2  492914 7 62552002001143322 914 7 62003659991112991                        200
1  541914 7 92552002001112111                                                200
1  641914 7152552002551112111                                                200
1  911914 7212552002551112111                                                200
1 1101914 7222552002001112111                                                200
1 1501914 7232552002001114151                                                200
1 5541914 7242552002001112111                                                200
1 1781914 7252552002551112111                                                200
1 1761914 7252552002551112111                                                200
2 2152914 7262552002551143121 91499992003003451611353                        200
1 2241914 7262552002001112131                                                200
2 2602914 7262552002001142121 914 7992553009991212142                        200
2 2583914 7262552002001143121 914 7992003653651143121 914 7993653003651611353200
3 2612914 7262552002001142421 91499992553652551211353                        200
2 2592914 7262552002001142121 914 7992553659991212142                        200
2 2193914 7262552002551143121 914 7262003653651143121 91499993653003001611353200
1 3121914 7282552002551112111                                                200
3 3751914 7312552002551111313                                                200
3 4091914 8 22552001851211423                                                200
1 4111914 8 22552002001112111                                                200
2 4062914 8 22552112551143211 914 8 22112552111131121                        211
1 4072914 8 22552112551142221 914 8 22552119991112521                        211
3 4082914 8 22552112111142121 914 8 22552112111611521                        211
1  891914 7212552202551112111                                                220
1 1281914 7242552202551112111                                                220
1 1981914 7252552202201112111                                                220
371981914 7252552202551114213                                                220
1 2231914 7262552202201112131                                                220
2 2203914 7262552202551143121 914 7262203653651143121 91499993653003001611353220
1 2171914 7262552203801112131                                                220
2 2952914 7272552202201143121 914 7272553009992112142                        220
2 2922914 7272552202201143121 914 7272203659992112142                        220
3 2872914 7272552202551142421 91499992553653651211523                        220
2 2932914 7272552202201142121 914 7272553009992112142                        220
3 5041914 7282552202551211333                                                220
275142914 7292552202551143221 914 7992202559991212121                        220
175152914 7292552202551142221 914 7992552209991212121                        220
375163914 7312552202551141122 914 7992553652551142311 914 7992553652551112363220
3 3731914 7312552202551311333                                                220
3 3741914 7312552202251111423                                                220
2 3912914 7312552202551143221 914 8 12203652201112362                        220
3 3721914 7312552202551211313                                                220
360052914 7312552202551142311 914 8 12552202551112363                        220
1 3931914 7312552209991112111                                                220
373941914 8 12552202551211353                                                220
1 4041914 8 22552202201112111                                                220
3 4031914 8 22552202201111523                                                220
360041914 8 32552202551112363                                                220
3 4231914 8 32552202201211533                                                220
2 2942914 7272552222201142121 914 7272553659992112142                        222
1  231914 6302553003001112111                                                300
1  271914 7 12553002551112111                                                300
1  291914 7 22553003001112111                                                300
2  412914 7 42553002551143122 91499993003459991611993                        300
1  431914 7 52553002551112111                                                300
1  442914 7 52553002551142121 91499992553009992212511                        300
1  551914 7 92553002551112111                                                300
1  591914 7142553003001112111                                                300
1  722914 7172553003851142122 91499992553009991699993                        300
1  851914 7202553003001112111                                                300
1 1191914 7232553003551112111                                                300
1 1671914 7252553002551114251                                                300
1 1741914 7252553002551112111                                                300
2 2402914 7262553003651143111 914 7263003653651112111                        300
1 2911914 7262553003651112521                                                300
1 2211914 726255300  21114251                                                300
3  202914 6302552002551141113 914 6283453003001114143                        345
3  521914 7 82553452551211313                                                345
1  801914 7202553452551112111                                                345
3 1681914 7252553452551114213                                                345
3 2861914 7272553452551114213                                                345
1  211914 6302553652551112111                                                365
1  871914 7212553652551112111                                                365
1 1061914 7212553653651112111                                                365
1 1431914 7242553653651112111                                                365
1 1452914 7242553653651142122 91499992553009991219991                        365
3 1992914 7242553652001642111 914 7242553003001112993                        365
1 1901914 7252553653651112111                                                365
3 1691914 7252553652551114213                                                365
1 2481914 7262553653651112111                                                365
9 2641914 7262553653651199999                                                365
2 2392914 7262553653651143121 91499993653003651112111                        365
2 2162914 7262553652551143121 91499993653003451611353                        365
1 2381914 7262553653651112111                                                365
1 2301914 7262553653651112131                                                365
3 3032914 7282553652551142211 91499992553653651111523                        365
3 3062914 7282553652551142211 91499992553652551211353                        365
3 3011914 7282553652551211313                                                365
2 3022914 7282553652551143121 91499993652553651611353                        365
3 3041914 7282553652551211333                                                365
3 3311914 7292553652551311333                                                365
3 3301914 7292553652551311313                                                365
1 3282914 7292553652551141111 914 7293652553651212991                        365
2 3292914 7292553652551143121 914 7293652553651511313                        365
3 3502914 7302553652551142311 914 7302553652551211353                        365
3 3531914 7302553651851211333                                                365
2 3482914 7302553652551143111 914 7303653002551511353                        365
2 3492914 7302553652551143111 914 7303652552551511353                        365
1 3511914 7302553653651112111                                                365
3 3691914 7312553652551311333                                                365
3 3711914 7312553652551211993                                                365
2 3672914 7312553652551143121 914 7313652553651511353                        365
2 3662914 7312553652551143121 914 7313653003651511353                        365
3 3701914 7312553652551311313                                                365
3 3682914 7312553652551142321 914 8992553652551211353                        365
3 3862914 8 12553652551142311 914 8 22553653651211523                        365
3 3881914 8 12553653651211533                                                365
2 3842914 8 12553652551143111 914 8 13653003651511353                        365
3 3871914 8 12553652551112363                                                365
3 3921914 8 12553653651512161                                                365
2 3852914 8 12553652551143111 914 8 13652553651511353                        365
2 2992914 7282559992551642121 914 7282553009991212142                        999
2 3002914 7282559992551642121 914 7282553659991212142                        999
1  681914 7163002003001212111                                                200
1 1151914 7233002003001112111                                                200
1 1221914 7233002002001112111                                                200
1 1531914 7243002002001112111                                                200
1 1721914 7253002003251112131                                                200
1 2031914 7263002003002112131                                                200
1 2561914 7263002002001112111                                                200
1  351914 7 43002202201112111                                                220
1 1031914 7213002203651112111                                                220
1 1001914 7213002203651112111                                                220
1 1091914 7223002203001112111                                                220
1 1461914 7243002202201112111                                                220
2 1482914 7243002202201143121 91499992203002201614713                        220
1 2041914 7263002203002112131                                                220
3 2501914 7263002202201321133                                                220
1  241914 6303002553001112111                                                255
1  261914 7 13002552551112111                                                255
1  281914 7 23002553001112111                                                255
1  421914 7 53002552551112111                                                255
1  561914 7 93002552551112111                                                255
1  601914 7143002553001112111                                                255
3  622914 7143002552201142122 91499993003459991919993                        255
3  732914 7173002552551142121 91499993003453451132173                        255
1  841914 7203002553001112111                                                255
1 1181914 7233002553651112111                                                255
1 1651914 7253002553001114251                                                255
1 1751914 7253002552551112111                                                255
1 2901914 7263002553651112521                                                255
310041914 6223003453001211313                                                345
1  121914 6273003453001511313                                                345
3  252914 6303003453001141113 914 6283453003451114143                        345
3  391914 7 43003453001214213                                                345
3  401914 7 73003453001211313                                                345
3  571914 7103003453001311313                                                345
260022914 7233003453451143311 914 7253453003451212719                        345
1 1161914 7233003453451112111                                                345
3 1292914 7233003453001142311 914 7993003453451111523                        345
3 1401914 7243003453001211353                                                345
2 1592914 7253003453001143121 91499993453003001611993                        345
3 1611914 7253003453001112173                                                345
3 1621914 7253003459991211333                                                345
3 2341914 7253003453001114213                                                345
3 1602914 7253003453001142322 91499993003453451211993                        345
2 1642914 725300999  21141212 914 7253453009991111523                        345
1 1881914 7253003453451112111                                                345
3 1573914 7253003453001141113 914 7253453003451142111 914 7253453003001514113345
3 1581914 7253003453451512161                                                345
3 1841914 7253003453451512161                                                345
3 1861914 7253003453001311353                                                345
3 1661914 7253003453001114213                                                345
1 1872914 7253003453451142111 914 7253003453451512163                        345
3 2321914 7263003453001212213                                                345
2 2332914 7263003453001141212 914 7263453003001111523                        345
3 2981914 7283003453001211353                                                345
360011914 7283003453001112363                                                345
3 2962914 7283003453001142111 914 7283003453451111523                        345
3 2971914 7283003459991111423                                                345
3 3191914 7293003453001312213                                                345
3 3181914 7293003453451111523                                                345
3 3221914 7293003453001211333                                                345
3 3411914 7303003453451211533                                                345
3 3421914 7303003453001311353                                                345
3 3611914 7313003453001311353                                                345
1  701914 7993003453451112111                                                345
1 4141914 8 23003453451411533                                                345
3 3621914 7313003489991111513                                                348
3  381914 7 43003653001214213                                                365
1  461914 7 63003653651112111                                                365
3  581914 7103003653001211313                                                365
1  771914 7183003653001112111                                                365
1 1131914 7233003653001112111                                                365
1 1342914 7243003653001142411 914 7253003453451512163                        365
1 1311914 7243003653001112111                                                365
3 1332914 7243003653001142122 91499993003459991612991                        365
1 1801914 7253003653001112111                                                365
1 1823914 7253003653001642111 914 7253003453001443111 914 7253453453451112713365
1 2021914 7263003653002112131                                                365
1 2281914 7263003653651212131                                                365
1 2411914 7263003653651112111                                                365
1 2841914 7273003653651212111                                                365
3 3231914 7293003653001211333                                                365
1 3201914 7293003653001112111                                                365
3 3161914 7293003653651512111                                                365
3 3431914 7303003653001211353                                                365
1 3581914 7313003653651112111                                                365
3 3601914 7313003653001311353                                                365
2 1632914 725300999  21141212 91499993003459991111523                        999
1  791914 7183452003451112111                                                200
1  961914 7213452003651112111                                                200
1 1262914 7233452002001142422 91499993453009999999991                        200
1 1241914 7233452002001112111                                                200
1  371914 7 43452202201112111                                                220
2  832914 7203452552551143121 91499992553003001112992                        255
1  811914 7203452552551112111                                                255
1  822914 7203452552551142422 91499993453009999999991                        255
3  131914 6283453003001114143                                                300
3  172914 6293453003451141113 914 6283453003451114143                        300
2  332914 7 33453003451143122 99999993003459999999991                        300
1  322914 7 33453003451142122 91499993453009999299991                        300
3  312914 7 33453003451141113 91499993003453001212213                        300
3  302914 7 33453003451141113 914 6283453003451114143                        300
1 1171914 7233453003451112111                                                300
3 1351914 7243453003451211353                                                300
1 1891914 7253453003451112111                                                300
3 1561914 7253453003451211353                                                300
1 1552914 7253453003451142111 914 7253453003001514113                        300
311581914 7253453003001512161                                                300
3 1851914 7253453003451211363                                                300
1 1832914 7253453003451642121 91499993453453451112713                        300
3 2011914 7263453002201114213                                                300
3 2311914 7263453003451111523                                                300
9 2701914 7273453003451299999                                                300
3 2881914 7273453002201114213                                                300
3 3401914 7293453003451311353                                                300
9  712914 7993453003451142211 914 7993453453451214719                        300
1  691914 7993453003451112111                                                300
2 1392914 7243453653451143122 91499993653459991211121                        365
1 1383914 7243453653451142111 914 7253453003451142991 91499993453003451112719365
1 1361914 7243453653451112111                                                365
1 2001914 7263453652201114251                                                365
9 2651914 7263483003481299999                                                300
3   32914 620350640  21141113 91499996403506401712213                        640
3   82914 6233506403501142221 91499993506406401522161                        640
2   92914 6233506403501143221 91499996403506401522161                        640
3  111914 6263506403501211353                                                640
1  511914 7 83652002001112111                                                200
1  751914 7183652003001112111                                                200
1 1051914 7213652003651112111                                                200
1 1931914 7253652003651112111                                                200
1 2061914 7263652003002112111                                                200
1 3071914 7283652003651214251                                                200
1  951914 7213652203651112111                                                220
1 1211914 7233652203651212111                                                220
3 1711914 7253652203651512111                                                220
1 1961914 7253652203651112111                                                220
1 2432914 7263652203651142121 91499993653009991212121                        220
112061914 7263652203002112111                                                220
1 3081914 7283652203651214251                                                220
1  221914 6303652552551112111                                                255
1  861914 7213652552551112111                                                255
1 1071914 7213652553651112111                                                255
1 1441914 7243652553651112111                                                255
1 1911914 7253652553651112111                                                255
1 2371914 7263652553651112111                                                255
1 2471914 7263652553651112111                                                255
1 2291914 7263652553651112131                                                255
3 2442914 7263652553651142422 91499993652553451211993                        255
3 2262914 7263652553651142422 91499993653003001211993                        255
1 2821914 7273652553651111521                                                255
4 2812914 7273652553651141114 914 7273652553651211353                        255
3 2801914 7273652552551111313                                                255
3 3101914 7283652553651211313                                                255
3 3261914 7293652553651211333                                                255
1 3242914 7293652553651142321 914 7293652553651611353                        255
3 3271914 7293652553651311313                                                255
3 3461914 7303652553651211353                                                255
3 3452914 7303652553651142111 914 7993653003651211353                        255
3 3442914 7303652553651142111 914 7993652553651211353                        255
1 3521914 7303652553651112111                                                255
1 3651914 7313652553651112111                                                255
3 3891914 8 13652552551211533                                                255
3 4131914 8 23652558091111423                                                255
3 4121914 8 23652553651111523                                                255
1  451914 7 63653003651112111                                                300
1  761914 7183653003001112111                                                300
1 1121914 7233653003001112111                                                300
2 1302914 7243653003651143111 914 7993003459999999991                        300
1 1321914 7243653003651112111                                                300
2 1813914 7253653003001143111 914 7253003453451443111 914 7253453453451112713300
3 1731914 7253653003651211353                                                300
1 1791914 7253653003001112111                                                300
1 2462914 7263653003651142121 91499993653009991212121                        300
160011914 7263653003651511353                                                300
1 2421914 7263653003651112111                                                300
1 2051914 7263653003002112131                                                300
1 2271914 7263653003651212131                                                300
2 2452914 7263653003651143121 914 7993003659991212121                        300
1 2831914 7273653003651212111                                                300
3 3051914 7283653003651211353                                                300
3 3251914 7293653003651211333                                                300
3 3171914 7293653003651512111                                                300
1 3211914 7293653003001112111                                                300
3 3471914 7303653003651311353                                                300
3 3641914 7313653003001111523                                                300
3 3631914 7313653003651311353                                                300
1 3591914 7313653003651112111                                                300
1 1371914 7243653453451112111                                                345
1 3091914 7283653453651214251                                                345
2  612914 7993653459991143122 91499993453009991112521                        345
2   72914 622640  2  21143121 9149999  23503501421123                          2
1   61914 622640  2  21312161                                                  2
3   12914 619640345  21141113 91499993456403451112213                        345
3   22914 6206409996401142121 91499996403506401412181                        999
