350011962 2 3  2 40  21423151                                                 40
350031962 324  2 40 401423151                                                 40
1  192962 723  2  2  21142121 9999999  2 409991223151                         40
4  272962 815  2 40  21141114 962 815  2 40 401111443                         40
4  302962 822  2 40  21141214 9999999  2 40 401211533                         40
4  372962 825  2 40  21141114 962 825  2 40 401111523                         40
354311962 829  2 40 401111443                                                 40
1  452962 829  2  2  21642121 9999999  2 40 401211533                         40
350091962 831  2 401771111513                                                 40
3  492962 9 1  2 40  21141113 962 9 1 40  2 401111523                         40
4  733962 9 7  2999  21141114 962 9 7 40  2 401141213 9999999  2 40  21211999 40
3  872962 913  2999  21142122 9999999 409999991714113                         40
152222962 913  2 40  21642321 962 999  2 40 401211533                         40
354261962 917  2 40 401111443                                                 40
3 1031962 921  2 40 401211443                                                 40
350203962 922  2 40  21141113 9999999 40365 401143121 9999999365 40 402211121 40
354271962 926  2 40 401111443                                                 40
354281962 929  2 40 401111443                                                 40
3 1422962 930  2  2  21142121 9999999  2 40 401212993                         40
15039196210 4  2 40 401214151                                                 40
35429196210 5  2 40 401111443                                                 40
25247296210 8  2 40  21143121 9629999 403653651523151                         40
35047396210 8  2 403991141113 96210 8 40  23991141113 9629999  2 40 999999993 40
35238396210 8  2 403991141113 96210 8 40  23991141113 9629999  2 40 999999999 40
35242296210 8  2 40  21141113 9629999 401991091214113                         40
1 18119621010  2 40 401212991                                                 40
1 17919621010  2 40 401112111                                                 40
3543019621014  2 40 401111443                                                 40
1505229621015  2 40  21141111 9629999 40  2 401611523                         40
3 22719621016  2 40 401311443                                                 40
3528719621017  2 40 401514151                                                 40
3505819621018  2 40  21111313                                                 40
3544619621019  2 40  21211333                                                 40
3506119621021  2 401771111313                                                 40
3 23019621022  2 40 401311443                                                 40
3 23229621022  2  2  21142221 9999999  2 401771311433                         40
2508119621023  2 40 401111412                                                 40
3508529621023  2 40  21142121 9629999  2 401771711433                         40
3542519621024  2 401771211433                                                 40
3528329621026  2 40  21141113 9621099 40  2 401321133                         40
3528439621026  2 40  21141213 9621099 40  2 401142121 9629999 40  2 401321133 40
3545919621026  2 401771211313                                                 40
3 32229621027  2  2  21142121 9999999  2 40 401711443                         40
3 32329621027  2  2  21142421 9999999  2 40 401111513                         40
3610019621027  2 40  21211353                                                 40
3 34719621028  2 40  21311353                                                 40
3 34819621028  2 40 401311443                                                 40
1 35929621029  2 40  21142111 9621030  2 401771511433                         40
3 36119621029  2 40 401311443                                                 40
1513319621030  2 401771511433                                                 40
1 37319621030  2 40 401511443                                                 40
2 37629621030  2 40  21143222 9999999 401991991299999                         40
3524619621099  2 40 401423151                                                 40
35141196211 1  2 40 401211443                                                 40
35140196211 1  2 401771211433                                                 40
3 415296211 2  2 40  21142421 9999999  2 40 401711443                         40
3 408396211 2  2 40  21642221 9999999  2 40  21142121 9999999  2 40 401511523 40
2 416296211 2  2 40  41143321 9999999365 40 401221333                         40
2 48229621116  2 40  21143321 9999999 40  29991212152                         40
3 48129621116  2 40  21142421 9999999  2 40 401711443                         40
1517719621121  2 401771511433                                                 40
3518239621125  2 40  21141113 9621125 40  2 401143121 9621199399  2  21212153 40
3518729621126  2 40  21642221 9999999  2 40 401211533                         40
3 50039621126  2999  21141113 9621126 403999991142221 9999999399 40 401212152 40
1544919621127  2 40  21511333                                                 40
1520019621218  2 40 401214151                                                 40
3528519621223  2 40 401514151                                                 40
1520219621223  2 40  21112521                                                 40
1520619621299  2 40 401123241                                                 40
1   71962 7 1  2 70 701212111                                                 70
15243396210 8  2199  21141111 9629999199 409991141113 9629999 401991091214113199
15244296210 8  2199  21141111 9621051  21999991712111                        199
2526329621023  21991091143121 9621099199  21091212111                        199
2526439621023  21991091143131 96210991993659991143121 9621099365 40 401221233199
2526229621023  21991091143121 9621099199 401771211433                        199
2526539621023  21991091141112 9621022  23993991143121 96210993993653991192999199
1 28829621026  2  2  21141111 9621023199  21991112521                        199
150221962 923  22002001112121                                                200
150331962 930  2200  21112121                                                200
4 18829621012  2  2  21141114 9999999  22001771114123                        200
1 20529621015  2200  21642121 9999999  2999 401714123                        200
1 20019621099  2220  21112111                                                220
1 1091962 922  2260  21112521                                                260
2  332962 824  2  2  21141112 9999999365 40 401313131                        365
250072962 824  2365  21141112 962 899365 40 401321111                        365
250062962 824  2365  21141112 962 899365 40 401313131                        365
4  472962 829  2  2  21141114 9999999365 40 401111121                        365
4  502962 9 1  2  2  21141114 9999999365 40 401111121                        365
2  622962 9 4  2999  21141112 962 9 4365 40 401723111                        365
352112962 9 4  2365  21141113 962 9 4365 40 401213131                        365
270012962 9 4  2365  21143121 9999999365 40 401621311                        365
152132962 9 4  2365  21641111 9629999365 40 401221311                        365
152122962 9 4  2365  21641111 9629999365 40 401211111                        365
370022962 9 4  2365  21142222 9629999  23659991199993                        365
352102962 9 4  2365  21141113 962 9 1365 40 401221111                        365
352212962 913  2365  21142221 9629999  23659991111993                        365
252202962 913  2365  21141112 9629999365 40 401313131                        365
252192962 913  2365  21143121 9629999365  2 401611313                        365
3 9922962 914  2  2  21141213 9999999365 40 401221311                        365
1 1371962 930  23653651112111                                                365
1 169196210 6  2365  21112111                                                365
35248296210 8  2365  21141113 9629999365 40 401211121                        365
35241296210 8  2 40  21141113 9629999365 40 401311541                        365
1545319621013  2365  21112111                                                365
1505319621016  23653651112111                                                365
3545029621018  2365  21142222 9609999  23659991911993                        365
2545129621018  2365  21143121 9629999365  2 401611313                        365
1505919621018  2365  21112111                                                365
3544519621019  2365  21211333                                                365
3 22819621021  2365  21311333                                                365
3 22519621021  2365  21121133                                                365
3525029621022  2365  21141113 9621099365 40 401221311                        365
2 23129621022  2365  21143122 9999999365  29999999999                        365
2623129621022  2365  21143122 9999999365  2 4 2221333                        365
3525139621022  2365  21141113 962 911365  23651141114 9629999365 40 401221311365
3623229621022  2365  21142221 9999999  23651771311433                        365
1506519621022  2365  21112111                                                365
1525529621022  2365  21142121 9621099  2365 991212131                        365
3525239621022  2365  21141113 9621018365  23651141114 9629999365 40 401221311365
3 24619621023  2365  21321133                                                365
3526129621023  23651091141113 9629999365 40 401221311                        365
3600119621023  2365  21211353                                                365
1527039621023  2365  21141111 9621023365  23651641114 9629999365 40 401221311365
3 27119621025  23651771111423                                                365
3527529621025  23653991141113 9629999365 40 401221311                        365
3510529621025  23653991141113 9629999365 40 401221311                        365
2528029621025  23653991643121 9629999365  21091111513                        365
3 28029621026  23993991141113 9629999365 40 401721311                        365
1 30939621026  2365  21141111 9621026365  23651142121 9999999365 40 401221333365
3545819621026  23651771211313                                                365
1543519621026  2365  21114151                                                365
3511839621027  2365  21141113 9621027365  23651143221 9629999  2 40 401531133365
2 30329621027  2365  21143121 9999999365 40 401221333                        365
2 31029621027  2365  21143111 9621027365 40 401521311                        365
3321019621027  2365  21211353                                                365
1543719621027  2365  21114151                                                365
1 30629621027  2365  21142221 9999999  2 40 409999991                        365
2511729621027  2365  21143121 9629999365 40 401531132                        365
3 30439621027  2365  21642121 9621027365  23651143121 9999999  2 40 401221333365
3700329621027  2365  21142311 9621028  2 40 401111523                        365
1 30529621027  2365  21142221 9999999  2 401771511433                        365
1 31939621027  2  2  21141111 9621026365  23651142121 9999999365 40 401521311365
2 31129621027  2365  21143111 9999999365 40 401121999                        365
1 33719621028  23659991112521                                                365
2 34029621028  2365  21141112 9999999  23653651111443                        365
1 34129621028  23653651142121 9999999  23653651511443                        365
1 34429621028  2365  21642121 9999999  2 40 401211523                        365
1543819621028  2365  21114151                                                365
1512039621028  2365  21141111 9621028365  23651142221 9629999365 40 401531133365
1 34529621028  2365  21142121 9999999  2 401771511433                        365
1512329621028  2365  21142221 9629999  2 401771511433                        365
1 38119621030  23653991211121                                                365
3 37529621030  2365  21142222 9999999  2 409991211523                        365
15143396211 1  2365  21141111 96211 13653993651143121 9621199999365 401212151365
1 401196211 1  23653991112111                                                365
15146196211 2  23659991112521                                                365
1 418296211 2  23659991141111 9999999365  23991712111                        365
1 413296211 2  2999  21141111 9999999365 40 401221333                        365
1 417296211 2  23659991141111 9999999  23653991712111                        365
2 419296211 3  2999  21141112 9999999365 40 401221333                        365
1 421296211 3  2365  21142221 9999999365  23991212521                        365
2 422396211 3  23653991141112 99999993653993991143121 99999993653993991212521365
2 420296211 3  2365  21143221 9999999365 40 401212152                        365
3 439296211 5  2365  21142221 9999999  2 40 401211523                        365
3 435296211 5  23653991141113 9999999365 40 401621333                        365
3 436296211 5  23653991141113 9999999365 40 401321311                        365
2 440296211 5  2365  21143221 9999999365 40 401212152                        365
15156196211 6  23651771212151                                                365
3 448296211 6  29993991141113 9999999365  29991712111                        365
35153296211 6  2365  21641113 9629999365 40 401221233                        365
15154196211 6  23659991112521                                                365
2 450296211 6  23653991143121 9999999365 40 401212152                        365
2 452296211 7  23653991143121 9999999365 40 401212152                        365
2 454296211 7  23653991143221 9999999 403653651221211                        365
2 458296211 8  2999  21141112 9999999365 40 401531131                        365
2 461296211 8  23653991143121 9999999365 40 401221313                        365
2 466196211 9  23651771212152                                                365
2 47129621111  2365  21143121 9999999365 40 401221233                        365
2 47629621114  23653991143121 9999999365  29991212152                        365
1517019621118  2365  21112131                                                365
1517429621120  2365  21141211 9621199  2 401771511433                        365
1517339621120  2365  21141111 9621199365  29991142121 9621199365 40 401221333365
1517519621121  2365  21511353                                                365
3518639621126  23655021141113 9621199365  23652643121 9999999  2 40 401211533365
1519019621127  2365  21511333                                                365
1519419621130  2365  21112111                                                365
2 50129621130  2365  21143121 9999999999 40 401299999                        365
3519829621210  2365  21141213 9999999365  2 401711113                        365
352081963 1 7  23659991512131                                                365
250242962 924  23853851143121 96299993853659981423151                        385
1 1151962 925  2385  21112111                                                385
250042962 327  2394  21141112 9999999394 40 401913131                        394
250052962 327  2394  21141112 9999999394 40 401921111                        394
2  312962 822  2  2  21141112 9999999394 40 401313131                        394
2  322962 822  2  2  21141112 9999999394 40 401323111                        394
250022962 220  23969991143122 9629999396 409989999999                        396
1 21119621016  23963961112111                                                396
1507419621023  23962201112111                                                396
35239396210 8  23993991142111 96210 8  2 40  21141113 96210 8 40  23991192993399
15240296210 8  2399  21642321 9629999  2 40 401211533                        399
2525639621022  23993991143121 96210993993653991143121 9621099365 40 401221233399
2525729621022  23993991143121 9621099399 40 401211213                        399
2525839621022  23993991143121 96210993993653991143121 9621099365  2 991212131399
1508329621023  2399  21142111 9621099  23999991212131                        399
1527629621025  23993991142121 9621099  2399 991212131                        399
1528129621025  23993991642121 9629999  23651091111513                        399
2 28329621026  23993991143121 9999999399 40 401212342                        399
1 28419621026  23993991112111                                                399
2 28129621026  23993991143121 9999999365 40 401221333                        399
2 34629621028  2399  21143122 9999999399 409991299999                        399
1513019621029  23993991112131                                                399
1 20119621015  2615  21112111                                                615
3 21929621017  2  2  21141113 9621017615 40 401112521                        615
2 25129621023  2740  21143122 9999999740  23999999999                        740
3  512962 9 1  2998  21142121 9999999998 40 401523121                        998
3 9932962 914  2  2  21141113 9999999998 40 401723999                        998
150281962 926  29989991112111                                                998
2 1342962 927  2998  21143121 99999999989989991211131                        998
2 151296210 2  2998  21143122 9999999365  29999999991                        998
1 146296210 2  2998  21142122 9999999  2 401099599993                        998
1 143196210 2  2998  21112111                                                998
35038196210 3  2998  21423151                                                998
1 152296210 3  2998  21642121 9999999  2 40 401723993                        998
4506229621021  2998  21141114 9621021  2 401771211313                        998
1506419621022  2998  21112111                                                998
15161196211 9  29989991112511                                                998
2518829621126  2998  21143121 9629999999365 401212151                        998
1518419621126  29983991112111                                                998
1519119621128  29983991112111                                                998
3  382962 825  2 40  21141113 962 825999 40 401111523                        999
4  752962 9 9  2999  21141114 9999999  2  2 401321133                        999
4 18529621011  2999  21141114 9999999999 40 401114123                        999
9 22029621017  2999  21142121 9999999  2 40 401731999                        999
1 22929621022  2  2  21142121 9999999999 40 401723151                        999
1 414296211 2  2999  21141211 99999999993659991212152                        999
3 449296211 6  29993991141113 9999999  23659991712111                        999
15152296211 6  2365  21142121 9621199999365 401212151                        999
2 453296211 7  29993991142121 9999999  2365 401212152                        999
1 455296211 7  29993991141211 99999999993651771212152                        999
1 467296211 9  2999  21141111 96211 9  23651771212152                        999
3 46929621111  2999  21142421 9999999  29999991711433                        999
1 47329621111  2999  21141111 9999999  29999991299999                        999
2 47029621111  2999  21143321 9999999365 40 401521333                        999
3 47729621115  29999991142221 9999999  29999991711443                        999
4 48639621120  2999  21141214 9999999  2 40 401142121 9999999  2 40 401211523999
3 48529621120  2999  21142121 9999999  2 40 401711443                        999
1 27429621025 20 20 201141111 9621022  2 401771211433                          2
2 23329621022 20 20 201143121 9999999998 40 402211212                         20
1 162296210 4 20 20 201142121 9999999 20 40 401723151                         40
3 27529621025 20 20 201141113 9629999365 40 401721311                        365
1 35529621028 20365 201141111 9999999365 40 401221333                        365
3   11962 7 1 40  2 401111993                                                  2
3   22962 7 2 40  2 401141113 9999999  2 40 401711443                          2
3   32962 7 3 40  2 401141113 9999999  2 40 401711443                          2
1  112962 7 5 40  2 401141111 962 7 4  2  2  21112719                          2
3   42962 7 6 40  2 401141113 9999999  2 40 401711443                          2
3   62962 710 40  2 401141113 9999999  2 40 401711443                          2
3   51962 710 40  2 401111993                                                  2
3  202962 725 40  2 401141213 9999999  2 40 409999999                          2
3  222962 8 2 40  2 401141113 9999999  2 40 401111443                          2
3  232962 8 7 40  2 401141113 9999999  2 40 401111443                          2
3  242962 8 7 40  2 401141113 962 8 7  2 40 401111523                          2
4  282962 815 40  2 401141114 962 815  2 40 401111443                          2
3  262962 815 40  2 401141113 962 815  2 40 401111443                          2
3  292962 822 40  2 401141213 9999999  2 40 401211533                          2
3  362962 825 40  2 401141113 962 825  2 40 401111523                          2
350101962 831 40  21771111513                                                  2
4  522962 9 2 40  2 401141114 962 9 2 40  2 401111523                          2
3  532962 9 2 40  2 401141113 9999999  2 40 401711443                          2
2  612962 9 4 40  2 401143121 9999999  2 40 401611533                          2
3  692962 9 6 40  2 401141113 962 9 6  2 40 401711443                          2
3  722962 9 7 40  2 401141213 9999999  2 40  21211999                          2
3  851962 912 40  2 401321133                                                  2
3  842962 912 40 40 401141113 9999999  2  2  29999993                          2
3  822962 912 40999 401141113 962 912  2 40 401114113                          2
3 9942962 914 40  2 401141213 9999999  2 40 401211523                          2
399982962 915 40999 401141113 9999999  2 409999999993                          2
3 1012962 917 40  2 401141113 962 917  2 40 401711443                          2
3 1022962 920 40  2 401141113 962 920  2 40 401711443                          2
3 1332962 929 40 40 401141113 9999999  2 409999999993                          2
3 1403962 930 40  2  21141113 9999999  2  2  21142122 9999999  2 401099999993  2
3 147296210 2 40  2 401141113 96210 2  2 40 401711443                          2
35232296210 8 40  23991141113 9621099  2 40 999999993                          2
35225296210 8 40  23991141113 9629999  2 401771211433                          2
35226396210 8 40  23991141113 9629999  23969991143121 9629999396 40 401423151  2
25233296210 8 40  23991643121 9629999  2 40 401211533                          2
35228296210 8 40  23991141213 9629999  2 40 401211533                          2
35236296210 8 40  23991141113 9629999  21991091211121                          2
15229296210 8 40  23991142121 9629999 40  2 991212111                          2
35235296210 8 40  23991141113 9629999  2199 999999999                          2
25230296210 8 40  23991143121 9621099  2 40 991212111                          2
35223396210 8 40  23991141113 962 999  2 40  21141113 962 999 40 99 991399993  2
35231396210 8 40  23991141213 9621099  2 40 991642121 9621099  2 40 991212111  2
3 174296210 8 40  23991142121 9999999 40  2 401111553                          2
35224396210 8 40  23991141113 962 999  21999991143121 962 999199  2 991212111  2
1 18019621010 40  2 401112111                                                  2
1 18219621010 40  2 401214151                                                  2
3505629621016 40  2 401141113 9621099  2 40 401211313                          2
2505729621017 40  2 401143121 9629999  2 40 401123251                          2
3528819621017 40  2 401514151                                                  2
3 23629621022 40 40 401141113 9621022  2 401771211433                          2
3507829621023 40  2 401141113 9621023  2 401771211433                          2
3508019621023 40  2 401111363                                                  2
3526639621023 40  21091141113 9621022  23993991143121 96210993993653991192999  2
3600019621023 40  2 401211353                                                  2
3 32019621027 40  2 401111523                                                  2
3543319621027 40  2 401111423                                                  2
3 32429621027 40 40 401142121 9999999 40  2 401711523                          2
2 33129621028 40  2 401143121 9999999  2 40 401511443                          2
2 32829621028 40  2 401143121 9999999  2 40 401531133                          2
3512629621028 40  2 401142121 9629999  2 40 401511443                          2
2 32929621028 40  2 401143121 9999999  2 401771511433                          2
2 33029621028 40  2 401143121 9999999  2 409991514113                          2
1512429621028 40  2 401642121 9629999  2 409981522151                          2
2 39629621031 40  23991143121 9999999  2 40  61511523                          2
2 39529621031 40  23991143121 9999999  2 409991514113                          2
2 39729621031 40  23991143121 9999999  2 40 401511443                          2
2 39429621031 40  23991143121 9999999  2 40 401511433                          2
2 407296211 1 40  29991143222 9999999  2 409991999999                          2
2 457296211 7 40  2 401143122 9999999  2 409991299999                          2
3516829621115 40  2 401141213 9629999 40  2 401211423                          2
3 49029621120 403993991141113 9999999  2 40 401711443                          2
2 49229621120 40  2 401143321 9999999  2 40 401611443                          2
3 49129621120 40  2 401142221 9999999 40  2 401211523                          2
3 49439621121 40999 401141113 96211 7  2 40  21143121 9999999365 40 401212152  2
1 49519621123 40  2 401411353                                                  2
2518129621125 40  2 401143121 9621199399  2  21212153                          2
2 49929621126 40  23991143221 9999999  2 40  21514113                          2
35197296212 5 40  23991141113 96212 4  2 40 401114123                          2
1520119621218 40  2 401212121                                                  2
3528619621223 40  2 401514151                                                  2
3520419621223 40  2 401411661                                                  2
1520319621223 40  2  21112521                                                  2
3520519621224 40  2 401511661                                                  2
3 430196211 3 401011011111523                                                101
1 37019621029 40140 401212111                                                140
15227296210 8 401993991642121 9629999 401991091214113                        199
15234296210 8 401993991642121 9629999 401991091211993                        199
1  131962 7 3 403653651112111                                                365
1  182962 721 40365 401142121 9999999 403659991123171                        365
1  161962 721 40365 401112111                                                365
150121962 9 1 403659991112521                                                365
1  581962 9 3 403653651112521                                                365
1  662962 9 5 40365 401141111 962 9 5365 40 401723111                        365
150251962 925 403659991112521                                                365
350272962 925 40365 401142121 9629999 40365 401422151                        365
1 1222962 926 40365 401142121 9999999 40365 401223171                        365
1 177296210 9 40 40 401142121 9999999 40365 401712161                        365
4507929621023 40  2 401141114 9999999365 40 401221311                        365
1 404296211 1 40365 401141211 9999999365 40 401221333                        365
1 411196211 2 40365 401112111                                                365
35159296211 8 40  23991142121 9629999365 40 401321333                        365
3517229621119 40365 401142121 9621199365 40 401221333                        365
1 48929621120 403993991141211 9999999365 40 401221333                        365
1 48819621120 40365 401113551                                                365
3 49719621125 40365 401512111                                                365
25044296210 7 403993991143121 9621099399 403991212131                        399
1511429621027 40399 401142121 9629999 40399 991212131                        399
2 32529621027 403993991143121 9999999399 40 401112111                        399
1513219621030 40399 401112131                                                399
2 39329621031 40399 401143422 9999999399 40 401299999                        399
3 39119621031 403999991512111                                                399
2 39229621031 40399 401642421 9999999 40399 401212152                        399
2 406296211 1 40  29991642221 9999999399 40 401212152                        399
3 460296211 8 403993991642121 9999999 40365 401221211                        399
9516729621113 403993992143121 99999999999999999999999                        399
1518029621125 40  2 401142121 9621199399365 401212151                        399
2 49829621126 403999991142221 9999999399 40 401212152                        399
1 175296210 8 409983991642121 9999999 409989981214113                        998
35144296211 1 40998 401642121 9621199998365 401212151                        998
1  772962 9 9 40999 401142121 9999999 40  2 401511523                        999
2 21529621017 40999 401143121 9999999  2 40 401131999                        999
1513629621031 40999 401141111 9621030 403993991112131                        999
2 402296211 1 40999 401642121 9999999 40999 401212152                        999
3 403296211 1 403659991141213 9999999999 40 401212152                        999
1 412296211 2 40999 401141111 9999999 403659991999999                        999
1 468196211 9 40999 401512213                                                999
2 47229621111 403993991642121 9999999999 40 401212152                        999
2 47529621113 403993992142421 9999999999 40 401112152                        999
1   81962 7 1 70  2 701212111                                                  2
2  102962 7 1 70  2 701141112 9999999 70 409999999999                          2
1 31329621027 70 70 701141111 9621022  2 401771211433                          2
1 166296210 4 70999 701141111 9999999 409989989999999                         40
2 37229621023 70365 701143121 9999999365 40 401221333                        365
3505139621012 90  2 901141113 9629999  2 90  21142221 9629999  2 90 999999991  2
1 25029621023 90  2 901141111 9621022  2 401771211433                          2
2 150296210 2 90998  21143121 9999999998 40 409299993                        998
3 22219621019 91 40 401523151                                                 40
3 1272962 927 92999 921141113 9999999 40998 401714113                         40
3 149296210 2 93998  21141113 9999999 409981091714113                         40
2  632962 9 4 93999 931143121 9999999999 40 401211993                        999
3 22319621019 95 40 401523151                                                 40
250212962 923 959989991143121 96299999989981091112511                        998
2 1132962 924 95999 951143122 99999999989989991112511                        999
1 31229621027101  21011142121 9999999101  21771221111                          2
3 208296210151011011011141113 9999999 401011011714123                         40
3 326196210271011011011111353                                                101
3 207296210151011011011141113 99999993651011011714123                        365
3 327296210271011011011141113 9999999365 40 401731131                        365
1  683962 9 6135998  21141111 962 9 6  2998  21142122 9999999  2 409999999993  2
3 24829621023140  21401141113 9621022  2 401771211433                          2
3 27719621025140  21401114223                                                  2
2 27229621025140  21401143122 99999999999999999999991                          2
1 247296210231401401401141111 9999999 40 40 409999999                         40
1 37119621029140 40 401212111                                                 40
2 317296210271401401401143121 9999999365 40 401221333                        140
2 318296210271401401401143121 9999999  2 409999999999                        140
2 316296210271401401401143121 9999999 40 40 401112362                        140
1 356396210281403651401141211 9999999365 403651142921 9999999365 40 401221333365
3 22429621019155 401551141113 9999999 401551551714113                         40
1 24929621023160  21601141111 9621022  2 401771211433                          2
3 429196211 3160 401771211433                                                 40
3 273196210251601601601111333                                                160
2 148296210 2160998  21143122 99999999989981091212991                        998
15162196211 91609989991112511                                                998
3 28929621026199  21991141213 9999999199 40 401111533                          2
3524529621031199 409991141113 9629999 401991091214113                         40
3521819629999199 40 401423151                                                 40
35267296210231993651091141113 9621099365 40 401999991                        365
25268296210231993651091143121 9621099365 40 401221233                        365
25269296210231993991091143121 9621099399365 401211213                        399
4  762962 9 9200  22001141114 9999999200 40 401721999                          2
150231962 923200  22001112121                                                  2
150341962 930200  2  21112121                                                  2
2 141296210 1200  22001143122 9999999  23659991212161                          2
1 165296210 4200  22001142121 9999999200 40 401723151                          2
3505029621012200  22001141213 9629999  29981091114123                          2
1 204296210152009992001141111 9999999  2200  21112111                          2
1 20639621015200  22001141111 9621015  2200  21642121 9999999  2999 401714123  2
1 24029621023200  22001141111 9621022  2 401771211433                          2
1509629621024200  23991141111 9621023  2 401771211433                          2
1510129621025200  22001141111 9621023  2 401771211433                          2
3 1002962 9162002002001141113 9999999200 40 401723999                         40
2 1142962 924200  2  21141112 9999999 40  29999999993                         40
1504829621011200 402001642121 9629999200 40 401423151                         40
3 234296210222002002001141113 9629999365 40 401721311                        365
3 242296210232003652001141113 99999993651091099999993                        365
3 241296210232003652001141113 9999999365  2  29999993                        365
3 243296210232003652001141113 9999999365 40 401721311                        365
1 268396210242002002001141111 96210243653653651143121 9999999  23659991112111365
3 315396210272003652001141113 9621027365  23651143121 9999999  2 40 401221333365
2 314296210272003652001143121 9999999365 40 401221333                        365
1 351396210282003652001141111 99999993652003651142921 9999999365 40 401221333365
2 349296210282003652001143221 9999999365 40 401221333                        365
1 350296210282003652001142221 99999992003659991212111                        365
1 354296210282003652001142121 99999992003659992212521                        365
2  702962 9 62009992001141112 9999999200 40 401723999                        999
1 203296210152009992001141111 9999999200  22001112111                        999
1509829621024205  23991141111 9621023  2 401771211433                          2
1 27629621025210  22101141111 9621022  2 401771211433                          2
1 362296210292113652111141111 99999993659999999999999                        365
1509929621024220  23991141111 9621023  2 401771211433                          2
1 19919621099220  2  21112111                                                  2
1 29129621026230  22301141111 9621022  2 401771211433                          2
3 21419621016230 40 401523151                                                 40
1 1081962 922260  22601112521                                                  2
1 290296210262602602601141111 9621022  2 401771211433                          2
9 1102962 9222609992601642121 9999999365260 401723999                        365
1 18919621012265 40 401213131                                                 40
350322962 929290  23991141113 9629999  2 40 999999993                          2
3 23529621023290  22901642121 9999999290 40 401221311                          2
1 447296211 62909992901141111 9999999  23659991212521                          2
1 446296211 62909992901141111 9999999365  29991212521                        365
1510229621025310  23991141111 9621023  2 401771211433                          2
3509029621024315  23151141113 9621023  2 401771211433                          2
3 27919621025315  23151114223                                                  2
1 368296210293159993151141111 9999999  23659991212521                          2
1 19019621012315 40 401213131                                                 40
1 369296210293159993151141111 9999999365  29991212521                        365
1 25929621023325  23251141111 9621022  2 401771211433                          2
1 38729621030325  23251141111 9999999  29999991999999                          2
1 388296210303253653251141111 99999993659999991999999                        365
3 168396210 5345  23451141113 96210 3  2998  21142121 9999999  2998 401523151  2
15199296212113453653451141111 9629999365  29999999999                        365
15134296210303453993451141111 96210993999999999999999                        399
2 21329621016350  23501143121 9999999  2350 401723151                          2
3 164296210 43503503501142121 9999999350 40 401523151                         40
2 163296210 43503503501143121 9999999350 40 401523151                        350
3508629621023355  23551141113 9621023  2 401771211433                          2
3 464296211 8355  23551141113 9999999  2 401771211433                          2
3509729621024360  23991141113 9621023  2 401771211433                          2
3  392962 8253653653651141113 9999999  2365 409999999                          2
352142962 911365  23651642121 962 999365 40 401221311                          2
352162962 911365  23651141113 9629999  23653651211443                          2
252172962 911365  23651143121 9629999  2 40 401611533                          2
352152962 911365  23651141113 9629999  23659981231133                          2
2  812962 912365  23651143121 9999999  2 409991212161                          2
3  793962 9123659993651141113 962 9 8  2  2  21143121 9999999  2  2  21321133  2
3  882962 9133659993651141113 9999999  2 40 409999993                          2
3 9962962 9153659993651141113 9999999  2 40 409999993                          2
3 9972962 9153659993651141113 9999999  2 40 409799993                          2
3 1172962 9253659993651141113 9999999  2 40 401111523                          2
350312962 928365  23451142221 9999999365  2 991211533                          2
250352962 930365  23651143121 9629999  23653651212121                          2
1 1361962 930365  23651112111                                                  2
16169196210 6365  2  21112111                                                  2
1545419621013365  2  21112111                                                  2
4545529621013365  2  21141214 9629999365 40 401211311                          2
3145419621014365  2 401221133                                                  2
2 19829621014365  23651143121 9999999  2365  61123999                          2
3 19729621014365  23651141113 9999999  2365  61123163                          2
1505419621016365  23651112111                                                  2
4545629621016365  23651141214 9621016365 40 401211311                          2
4545229621018365  2  21141214 9629999365 40 401211312                          2
1506029621018365  2  21112111                                                  2
3507629621023365  23651141113 9621023  2 99  21712719                          2
3 23829621023365  32651141113 9999999  23659999999993                          2
3 23729621023365  23651141113 9621022  2 401771211433                          2
3 245396210233653653651141113 9621022  2  2  21143121 9999999365 40 401211333  2
3545719621023365  21771211313                                                  2
3544719621023365  23651211333                                                  2
1 23929621023365  23651642221 9999999365  2  21211533                          2
1 27029621024365  23651642121 9621022  2 401771211433                          2
3 261296210243653653651141113 9621022  2 401771211433                          2
4510629621025365  23651141114 9629999365 40 401221311                          2
2546029621025365  23651143211 9629999  23651771511433                          2
3 27819621025365  23651114223                                                  2
3 30829621026365  23651142121 9999999365 40 401521311                          2
2511229621026365  23651143321 9629999  2365  21642121 9999999  2 40 401211523  2
3 282296210263653993991141113 9621022  2 401771211433                          2
1543419621026365  2  21114151                                                  2
3 30729621026365  23651142121 9999999365 40 401221333                          2
1 30129621027365  23651141211 9999999  23659991112521                          2
2 29829621027365  23651143121 9999999  2 40 401221333                          2
1543619621027365  2  21114151                                                  2
1 29929621027365  23651642121 9999999365  29991211533                          2
2 30229621027365  23651143122 9999999  2 40 409999999                          2
1 30029621027365  23651141211 9999999365  29991112521                          2
2511629621027365  23651143221 9629999  2 40 401531133                          2
2 29729621027365  23651143121 9999999399 40 401112342                          2
1511529621027365  23651142221 9629999365 40 401531133                          2
2 29429621027365  23651143121 9999999365  23651112521                          2
2 29529621027365  23651143121 9999999  2365  21112521                          2
2 29629621027365  23651143121 9999999399 40 401112342                          2
2 34329621028365  23651143121 9999999  2 40 401511443                          2
2 34229621028365  23651143121 9999999  23653651511443                          2
3 33929621028365  23651141113 9999999  23653651111443                          2
1 33839621028365  23651141211 9999999  2999  21142121 9999999  23659991212521  2
1511929621028365  23651142221 9621199365 40 401531133                          2
1 33619621028365  29991112521                                                  2
1543919621028365  2  21114151                                                  2
2 38629621030365  23651143121 9999999  2 40 401221333                          2
1 38429621030365  23651141211 9999999365 40 401221333                          2
1 38219621030365  23991211121                                                  2
1 38529621030365  23651141211 9999999  2 409991611523                          2
2 409296211 1365  23991143122 9999999  2 403991299999                          2
1 400196211 1365  23991112111                                                  2
15145196211 2365  29991112521                                                  2
2 437296211 5365  23651142121 9999999365 40 401212152                          2
3 445296211 63659993651141113 9999999  2 409999999999                          2
15155196211 6365  29991112521                                                  2
1 443296211 63659993651141111 9999999  23659991212521                          2
3 444296211 63659993651141113 9999999  2 401771211433                          2
11443196211 7365  2 401521133                                                  2
2 462296211 8365  23991143121 9999999  2 403991212521                          2
2 463296211 8365  23991143121 9999999 40  23991212521                          2
1517119621118365  2  21112131                                                  2
3544029621119365  23651142121 9621199365 40 401121333                          2
1 48429621120365  23651142111 9621220365 40 401521333                          2
1544819621121365  23651511333                                                  2
1 493296211213659993651141111 9629999  2 401771511433                          2
1519519621130365  2  21112111                                                  2
352091963 1 7365  29991512131                                                  2
1  141962 7 3365 403651112111                                                 40
1  172962 721365 403651142121 9999999365 409991123171                         40
1  151962 721365 40 401112111                                                 40
154411962 726365 40 401221111                                                 40
1  251962 813365 40 401113131                                                 40
150082962 828365 403651142111 9629999365 40 401321111                         40
150111962 9 1365 409991112521                                                 40
1  571962 9 3365 403651112521                                                 40
154441962 9 8365 40 401221311                                                 40
150261962 925365 409991112521                                                 40
1 216296210173653653651142122 9999999365 409991712161                         40
1544319621023365 40 401521313                                                 40
1544219621023365 40 401521113                                                 40
1 244296210233653653651141111 9629999365 40 401721311                         40
9 262296210243653653651142122 9999999365 409999999999                         40
1 38339621030365 403651141111 9999999 40  2 401143121 9999999  2 40 401531131 40
1513729621031365 403651142121 9629999365 40 401212131                         40
1 22119621099365 40 401221311                                                 40
1 410196211 2365 40 401112111                                                 40
35157196211 7365 40 401221233                                                 40
3 459196211 8365 40 401413131                                                 40
35158196211 8365 40 401321233                                                 40
1 48719621120365 40 401113551                                                 40
3 49619621125365 40 401512111                                                 40
35196196212 3365 40 401221333                                                 40
15461196212 6365 40 401521233                                                 40
1501519629999365 40 401211111                                                 40
1 465296211 83651403651141111 99999991409999991299999                        140
2 260296210243653653651143121 9999999  23659991112111                        365
2 263296210243653653651143121 9999999  2 401771511433                        365
3 191296210143653993991142222 9999999365  2 401212993                        399
2 192296210143653993991143122 9999999  22602609999999                        399
25072296210233653993651143121 96210993993993991212111                        399
15084396210233653993651141111 96210993993653991143321 9629999365 403651521113399
25259396210233653993991143121 9621099399  23991141113 9621023  2 401771211433399
25260396210233653993991143121 9621099399  23991143121 9621099  2 401771511433399
15277396210253653993991141111 96210243993653991143111 9621099365 40 401521313399
1 286196210263653993991112111                                                399
15282296210263653993991642121 9621099365  21091111513                        399
2 35729621028365  23651142121 9999999399365 401212152                        399
15128196210293653993991112131                                                399
1 358296210293653993651141111 99999993999999991212142                        399
1 193196210993653993991112111                                                399
1 398196211 13653993991112111                                                399
25142296211 13653993651143121 9621199999365 401212151                        399
15178196211233653993991112991                                                399
3 352196210263659983651412161                                                998
1 353196210283659983651312161                                                998
15183196211263659983991112111                                                998
15192196211283659983991112111                                                998
1  562962 9 33659993651142121 9999999365 40 401223111                        999
2  802962 9123659993651141112 9999999365 40 401723111                        999
4 1242962 9263659993651141114 9999999365 40 401231131                        999
1 1232962 9263659993651142121 9999999365 40 401223111                        999
15151296211 6365  23651142121 96211999993651771212151                        999
1 442296211 63659993651141111 9999999365  29991212521                        999
2 441296211 6365  23991142421 99999999993659991212152                        999
1 456196211 73659993651521333                                                999
2 474296211133653993992142421 9999999999 40 401112152                        999
3507719621023394  29981211333                                                  2
1517619621121394  29981511333                                                  2
1 21219621016396  23961112111                                                  2
1507519621023396  22201112111                                                  2
2527229621024399  23991143111 9621099  2 401771511433                          2
2527929621025399  23991643121 9629999  23651091111513                          2
1 28519621026399  23991112111                                                  2
1512919621029399  23991112131                                                  2
2 36029621029399  23991143121 9999999  2 401771511433                          2
1 423296211 33999993991141111 9999999  23659991212111                          2
1 425296211 33999993991141111 9999999  23659991112521                          2
1 431296211 43993993991141111 9999999  23653991712111                          2
2527329621024399 403991143121 9621099 40  2 401411321                         40
1 33429621028399 409991142111 9621130399 40 401212111                         40
2 40529621030399 40 401143121 9999999399 40 401212152                         40
1513119621030399 40 401112131                                                 40
3 39019621031399 409991512111                                                 40
25271296210243993653991143111 9621099365 40 401521313                        365
25278296210253993653991643121 9629999365  21091111513                        365
1 287196210263993653991112111                                                365
15121396210283993653991141111 9621028365  23651142221 9629999365 40 401531133365
15122296210283993653991142121 9629999399 40 401212121                        365
15127196210293993653991112131                                                365
1 389396210313999993991141211 9999999365 403651142111 96211 2365 403651521333365
1 194196210993993653991112111                                                365
1 399196211 13993653991112111                                                365
1 424296211 33999993991141111 9999999365  29991212111                        365
1 426296211 33999993991141111 9999999365  29991112521                        365
1 432296211 43993993991141111 9999999365  23991712111                        365
15179196211233993653991112991                                                365
25274296210243999983991143111 9621024998998 991212131                        998
15185196211263999983991112111                                                998
15193196211283999983991112111                                                998
15094396210244523993992141111 96210243999983991143111 9629999998 409989999999399
1 26429621024490  24901141111 9621022  2 401771211433                          2
1 20219621015615  2  21112111                                                  2
3 26929621024615  26151141113 9621022  2 401771211433                          2
15043196210 7615 403991112111                                                 40
1505539621016615 40 401141111 9629999 40  2 401143121 9629999  2 40 401531133 40
1 21019621016615 40 401112111                                                 40
1 21719621017615 40 401112521                                                 40
2 186296210126153993991143122 9999999  2 409999999999                        399
1 428296211 36159996151141111 9999999615 409999999999                        999
1 427296211 36159996151141111 9999999615 409999999999                        999
1 26629621024640  26401141111 9621022  2 401771211433                          2
4 38039621030640  26401141214 9999999  26406401143321 9999999640 401771211433  2
4 37939621030640  26401141214 9999999  26406401142221 9999999  26406401523111  2
350301962 927640 40 401423151                                                 40
3 265296210246516516511141113 9621022  2 401771211433                          2
3 33229621028710  27101141113 9999999  2 401771711433                          2
3 434296211 4710  27101141113 9999999  2 401771211433                          2
3 480296211157109997101141113 9999999  23659991212521                          2
1 1042962 9217107107101141111 9999999 40  2 409999993                         40
1 48319621116710 40 401213131                                                 40
35138296210317103657101141113 9621099365 40 999999993                        365
3 438396211 57103657101141213 99999993659993651142221 9999999365 40 401221333365
3 451396211 67109997101141113 99999993659993651142221 9999999365 40 401221333365
3 479296211157109997101141113 9999999365  29991212521                        365
150192962 916998  29981642121 9629999998 40 401423151                          2
150291962 926998  29991112111                                                  2
1 144196210 2998  2  21112111                                                  2
1506319621022998  2  21112111                                                  2
1508829621024998  21091142221 9629999998  21091211121                          2
35037296210 3998365  21141113 9999999365 40 499999991                        365
3 159296210 3998999  21141113 9999999710 40 409999999                        710
1 154196210 3998998  21112521                                                998
3 187196210 4998998 911111313                                                998
1 156296210 3998999  21142121 9999999998 409981514113                        999
3  892962 913999  29991142121 9999999999 40 401714123                          2
3  411962 825999 40 401111523                                                 40
3  861962 912999 40 401114123                                                 40
3 19519621014999 401771114123                                                 40
3 333196210289991011011111523                                                101
15147196211 29993651711212151                                                365
