                                                                                
3 222297812 5  2365  21141113 99999993658153651112511                        365
2 105297811 5  23993991143121 99999993998159991212142                        399
2 106297811 5  23993991143121 99999993998119991212142                        399
1 2481979 128  2710  21212111                                                710
3 2641979 131  2710  21512111                                                710
2 1382979 2 9  2710  21143121 99999997108158151611523                        710
1 1701978 824  28158151212111                                                815
3 1721978 828  28158151512111                                                815
3 221297812 5  2815  21141113 99999998153653651112511                        815
3 1232979 1 3  28153991141113 99999998158118111111523                        815
2 2342979 1 5  2815  21143121 99999998158118111211521                        815
2 2372979 1 7  2815  21143121 99999998158118111211521                        815
3 1272979 1 8  2815  21141113 99999998158118111111523                        815
2 1282979 1 8  2815  21143121 99999998158118111211521                        815
3 2392979 1 8  2815  21141113 99999998158118111111523                        815
2 2402979 1 8  2815  21143121 99999998158118111211521                        815
3 2682979 2 9  2815  21141113 99999998158118111111523                        815
3 1662978 727 40710 401141113 99999997108158151111523                        710
3 1302979 1103608153601141113 99999998158118111111523                        815
3 216297811 93657103651141113 99999997108098091199993                        710
3 1401979 2 73657101751311313                                                710
2 1392979 2 83657107101143121 99999997108158151611523                        710
3 2731979 2133657103651311313                                                710
1 3021978 8253658158151221141                                                815
1 205197811 23658153651212111                                                815
1  95197811 33658153651112521                                                815
1  97297811 33658153651142121 99999993658158151323141                        815
1  98197811 33658153651112511                                                815
3 208197811 93658153651512111                                                815
1 111297811 13998113991142121 99999993998118111112991                        811
1 112297811 13998153991142121 99999993998158151112991                        815
1 2931978 1187108118111321133                                                811
1 2471979 128710  2  21212111                                                  2
3 2631979 131710  2  21512111                                                  2
3 3012978 7207103657101141113 99999993658159991199991                        365
3  752978 9 67103657101141113 99999993658158151221141                        365
3 195297810 37108157101141113 99999993658158151131132                        365
3 196297810 37103657101141113 99999993658158151131132                        365
3 215297811 87103658001141113 99999993658153651112511                        365
3 2711979 2137103657101211333                                                365
3   72978 5247108157101141113 99999997157107151312213                        715
1  521978 7147108007101112111                                                800
1 209197811 57108008001212111                                                800
3 211197811 97108008001512111                                                800
1 3031978 7257108118111321141                                                811
1 2421979 1137108117101112111                                                811
1 278197711207108157101112111                                                815
3 281397711997108157101642121 99999997108119991143121 99999998118159991212121815
2 282297711997108157101143121 99999998158118111211521                        815
3   12978 4 47108157101141113 99999998158118111111523                        815
3   51978 4207108159991111513                                                815
3   42978 5 17108157101141113 978 5 18157108151123163                        815
3   82978 5127108157101142111 978 5197108158151423141                        815
3   92978 5277108157101142121 99999997108158151211413                        815
3 2941978 5307108158151423141                                                815
3  152978 6 57108157101142121 99999997108158151423141                        815
3 2952978 6 57108157101142221 99999997108159991199993                        815
3 2962978 6 57108157101142121 99999997108158151211413                        815
3  162978 6 77108157101142121 99999997108158151423141                        815
3  171978 6167108158151412161                                                815
3 2971978 6167108157101412161                                                815
2  182978 6197108157101143121 99999998157107101412161                        815
3 1512978 6197108157101141113 99999998157108151112213                        815
3  431978 7 37108158151523141                                                815
3 1692978 7 87108157101141113 99999998157108151112213                        815
3 1681978 7117108157101312183                                                815
4  452978 7127108157101141114 978 7 97108158151111443                        815
2  552978 7197108157101143111 978 8 88157107101212121                        815
1  562978 7197108157101142111 978 8 87108157101212121                        815
3 1601978 7197108157101312183                                                815
3  582978 7297108157101141113 99999998157108151112213                        815
3 1672978 7307108157101141113 99999998157107101712213                        815
1  531978 8 87108157101212121                                                815
3  631978 8257108158151111513                                                815
3  662978 8267108157101141113 99999998157107101111523                        815
3  611978 8287108157101512121                                                815
3  652978 8287108157101141113 99999998157107101111653                        815
3 1742978 8297108157101141113 99999998157107101111523                        815
3  742978 9 47108157101141113 99999998157107101111443                        815
1  691978 9 77108158151212121                                                815
3  882978 9117108157101141113 99999998157108151311313                        815
3  852978 9197109159151141113 99999998157107101111523                        815
3  821978 9267108158151512121                                                815
3  842978 9267108158151141113 99999998157108151112213                        815
3  872978 9277108157101141113 99999998157107101111523                        815
3 184197810 17108158151512111                                                815
3 186297810 17108158151141113 99999998157108151112213                        815
3 194397810 37108157101141113 99999998158119991142121 99999998158118111111523815
3 188297810 77108153991141113 99999998157107101111523                        815
3 100197811 17108159991111513                                                815
3 104297811 77108158151141113 97811 18157107101111523                        815
3 213297811 87108158001141113 99999998158118111111523                        815
3 214297811 87108158001141113 99999998153653651112511                        815
1 220197812 47108158151312161                                                815
3 114297812107108157101141113 97812 98157107101111523                        815
3 115297812137108157101141113 99999998157107101111523                        815
3 116297812137108157101141113 99999998158118111111523                        815
3 223297812137108157101141113 97812 78157101751111523                        815
3 117297812147108157101141113 99999998157107101111653                        815
3 118297812247108157101141113 97812238157107101111523                        815
3 227197812247108157101111513                                                815
3 228297812247108157101142221 99999997108158151111523                        815
3 2321979 1 37108158151412161                                                815
3 1191979 1 57108157101321133                                                815
3 1292979 1 77108153991141113 99999998158118111111523                        815
3 1322979 1187108157101141113 97912238157107101211533                        815
3 2491979 1277108159991111513                                                815
3 2512979 1297108157101141113 979 1278157107101111523                        815
3 2551979 1297108159991111513                                                815
3 2571979 1307108159991111513                                                815
3 1412979 1317108157101141113 99999998157107101111523                        815
3 2532979 131710815  21142921 99999997108158151111523                        815
3 2591979 1317108159991111513                                                815
3 1432979 2 27108157101141113 979 1308157107101111523                        815
3 2662979 2 77108157101141113 99999998157107101111523                        815
3 3062979 2 77108157401142121 99999997108159991199993                        815
3 2671979 2 87108157101321133                                                815
3 2702979 2127108157101141113 99999998157107101111523                        815
3 2721979 2137108157101211333                                                815
3 2752979 2157108157101141113 99999998157107101111443                        815
3 1481979 2177108158151211533                                                815
1 217197811 97108208201112111                                                820
1 2332979 1 47109997101642121 99999997108118111311533                        999
3 1202979 1 57109997101642121 99999997108118111121111                        999
1  511978 7148007107101112111                                                710
1 210197811 58007108001212111                                                710
3 212197811 98007108001512111                                                710
1  492978 7158008118001142121 99999998008118111312161                        811
1 1561978 7158008118001212111                                                811
3 1581978 7178008118001512111                                                811
1  761978 9108008158001112521                                                815
1  782978 9108008158001142121 99999998008158151323151                        815
1  802978 9108008158001142121 99999998008158001511663                        815
3  482978 613811  27401141113 9999999  28118111114113                          2
2 2382979 1 8811  27101143121 9999999  28118111221141                          2
3  93297810198113658111141113 99999993658158151221141                        365
4  602978 7218113993991141114 99999998118118111112223                        399
2 1213979 1 28113993991143121 99999993998159991141113 99999998158118111111523399
2 1223979 1 28113993991143121 99999993993659991141113 99999993658118111111993399
2 2302979 1 28113993991143121 99999993998119991212111                        399
1 2312979 1 28113993991142221 99999998113999991212111                        399
2 2352979 1 88113997101143121 99999993998158111211212                        399
2 2362979 1 88113997101143121 99999993998153991512161                        399
1 2411979 1138117107101112111                                                710
1  502978 7158118008001142121 99999998118008001312161                        800
1 1551978 7158118008001212111                                                800
3 1571978 7178118008001512111                                                800
3  253978 6 98118158111141113 99999998158118111142121 99999998158118111111523815
3  472978 6138118157401141113 99999998158118111114113                        815
3  281978 6168118158111111513                                                815
3  301978 6178118158111111513                                                815
3  321978 6188118158111111513                                                815
3  341978 6198118158111111513                                                815
3  361978 6208118158111111513                                                815
3  381978 6218118158111111513                                                815
3  401978 6228118158111111513                                                815
3  421978 6238118158111111513                                                815
3 1592978 7178118158001141113 99999998158118111111523                        815
3  91197810188118158111111513                                                815
3 107297811 78118159991141113 97810288158118111112223                        815
3 108297811 78118159991141113 97810298158118111112223                        815
3 109297811 78118159991141113 97811 18158118111112223                        815
3 110297811 78118159991141113 97811 28158118111112223                        815
3 1252979 1118118153991141113 99999998158118111111523                        815
3 1262979 1118118153991141113 99999998158118111211521                        815
1 1621978 7198128158121112991                                                815
1  591978 7228128158121112991                                                815
1 1651978 7228128158121112991                                                815
1 1711978 824815  28151212111                                                  2
3 1731978 828815  28151512111                                                  2
2 22429781219815  28151143121 9999999  28158151212161                          2
1 22529781219815  28151142121 9999999815  2  21212161                          2
4 197297810188157108151141114 99999993658158151131132                        365
1 206197811 28153653651212111                                                365
1  96197811 38153653651112521                                                365
1  99197811 38153653651112511                                                365
3 207197811 98153653651512111                                                365
2 1502979 2178153658151143121 99999993658158151221141                        365
1 277197711208157107101112111                                                710
2 279397711998157107101143121 99999997108119991143121 99999998118159991212121710
1 280297711998157107101142421 99999998158119991212121                        710
3   22978 2218157108151141113 99999997108118111121111                        710
3   32978 3228157107151142111 978 5 18157108151123163                        710
3   61978 4208157109991111513                                                710
4  102978 5288157108151141114 99999998157108151112213                        710
2  112978 5288157108151143121 99999997108159991212121                        710
1  122978 5288157108151142121 99999998157109991212121                        710
2  132978 5298157108151143111 978 6507108157101212121                        710
1  142978 5298157108151142111 978 6508157107101212121                        710
1  191978 6 58157108151412183                                                710
1 1522978 6178157107101142121 97810997108158151312161                        710
3 2982978 6178157108151141113 99999997108118111721141                        710
3  203978 6208157108151141113 978 6197108157101143121 99999998157107101412161710
3  442978 7118157108151141113 978 7 97108158151111443                        710
3 1542978 7158157108151141113 99999997108159991112993                        710
3 1611978 7198157108151312183                                                710
1  572978 7238157108151142111 978 8 88157107101212121                        710
9 1641978 7258157108151121719                                                710
3  682978 8 88157108151141113 99999997108158151111523                        710
3  641978 8258157108151111513                                                710
3  672978 8268157108151141113 99999997108158151111523                        710
3  621978 8288157107101512121                                                710
3  712978 9 48157108151141113 99999997108158151111443                        710
3  722978 9 48157108151141113 978 8997108158151111523                        710
4  732978 9 48157108151141114 978 8258157107101111653                        710
1  701978 9 78157108151212121                                                710
1  541978 9 98157107101212121                                                710
3  862978 9258157108151141113 99999997108157101311313                        710
3  831978 9268157108151512121                                                710
3 185197810 18157108151512111                                                710
3 183297810 78157103991142921 99999998157108151211533                        710
3 187297810 78157103991141113 99999997108118111121141                        710
3  89297810138157108151141113 99999997108158151111523                        710
3  90297810188157108151141113 99999997108157101311313                        710
3 193297810208157108151141113 99999997108158151111523                        710
3  94297810248157108151141113 97810137108158151111523                        710
3 101197811 18157109991111513                                                710
3 102297811 28157108151141113 99999997108158151111653                        710
3 103297811 28157108151141113 99999997108118111131121                        710
3 198297811 28157108151141113 97811 17108158151111523                        710
3 199297811 28157108151141113 99999997108157101321133                        710
3 200297811 28157108151141113 97810277108158151211523                        710
4 219297811 88157107101141114 97811 18157107101111523                        710
3 113297812118157108151141113 97812 97108158151111523                        710
3 226197812248157107101111513                                                710
3 229197812288157107101111523                                                710
3 1342979 1138157108151141113 979 1 87108158151211443                        710
3 2432979 1148157108151141113 99999997108157101111313                        710
3 2442979 1148157108151141113 99999997108157101111313                        710
3 1362979 1188157108151141113 979 1157108158151111523                        710
3 1372979 1188157108151141113 979 1167108158151111653                        710
3 1311979 1258157108151321133                                                710
3 2501979 1278157109991111513                                                710
3 2522979 1298157108151141113 979 1277108158151111523                        710
3 2541979 1298157109991111513                                                710
3 2561979 1308157109991111513                                                710
3 2581979 1318157109991111513                                                710
3 1422979 2 18157108151141113 99999997108157101321133                        710
3 1442979 2 18157108151141113 979 1297108158151211443                        710
3 2602979 2 28157108151141113 99999997108158151111523                        710
3 2612979 2 28157108151141113 99999997108158151111443                        710
3 2622979 2 38157108151141113 979 2 27108158151111523                        710
3 2652979 2 88157108151141113 979 2 67108158151111523                        710
3 1462979 2118157103991141113 99999997108157101321133                        710
3 2692979 2128157108151141113 979 2117108158151111523                        710
3 1472979 2148157108151141113 99999997108158151111523                        710
3 2742979 2148157108151141113 99999997108158151211653                        710
3 2763979 2158157108151141113 99999997108157101142121 99999997108158151111523710
3 1491979 2178157108151211533                                                710
1  771978 9108158008001112521                                                800
1  792978 9108158008001142121 99999998158008001323151                        800
1  812978 9108158008001142121 99999998158008151511663                        800
2 2832978 2 58158118151143121 99999998118158151211521                        811
1 2842978 2 58158118151142221 99999998158118111211521                        811
2 2852978 2 58158118151143121 99999998118159991112511                        811
1 2862978 2 58158118151142221 99999998158119991112511                        811
2 2872978 4 78158118151143121 99999998118158151211521                        811
1 2882978 4 78158118151142221 99999998158118111211521                        811
3  261978 5148158118111111523                                                811
2 2912978 5188158118151143121 99999998118158151211521                        811
1 2922978 5188158118151142221 99999998158118111211521                        811
2  212978 6 68158118111143121 99999998118158111511533                        811
1  222978 6 68158118111142121 99999998158118111511533                        811
2  232978 6 68158118111143121 99999998118158111132141                        811
1  242978 6 68158118111142121 99999998158118111132141                        811
3  271978 6168158118111111513                                                811
3  291978 6178158118111111513                                                811
3  311978 6188158118111111513                                                811
3  331978 6198158118111111513                                                811
2 2892978 6198158118151143121 99999998118158151211521                        811
1 2902978 6198158118151142221 99999998158118111211521                        811
3 2992978 6198158118151141113 99999998118118111711673                        811
3  351978 6208158118111111513                                                811
3  371978 6218158118111111513                                                811
3  391978 6228158118111111513                                                811
3  411978 6238158118111111513                                                811
3 1531978 6388158118111111523                                                811
3 3002978 7148158118151141113 99999998118118111711673                        811
9 1631978 7258158118151121719                                                811
3 3041978 9258158118151311313                                                811
3  92197810188158118111111513                                                811
3 305197812258158118111111523                                                811
1 189197310138158208201212111                                                820
3 191197310188158208201512111                                                820
1 1751978 9168158408401212111                                                840
3 1771978 9218158408401512111                                                840
1 1791978 9218158508501212111                                                850
3 1811978 9248158508501512111                                                850
1 2452979 1268159978151142121 99999998158119991112521                        997
2 2462979 1268159978151142121 99999998158118111231132                        997
4  462978 7298159998151141114 99999998158118111511533                        999
4 1242979 1 48159993991141114 99999998158118111111523                        999
1 218197811 98207108201112111                                                710
1 190197310138208158201212111                                                815
3 192197310188208158201512111                                                815
1 1761978 9168408158401212111                                                815
3 1781978 9218408158401512111                                                815
1 1801978 9218508158501212111                                                815
3 1821978 9248508158501512111                                                815
