3  472959 829  29992001141113 99999997107509951711523                        710
3  592959 831  2999  21141113 959 8317107607601111523                        710
3 16329591024  29997321141113 95910217107507501111523                        710
3 19429591112  2710  21141113 99999997107507501111523                        710
3 19529591113  2710  21141113 95910217107507501111523                        710
1 22229591213  27507501142221 9999999  27507501199991                        750
1 22019591213  27507501112111                                                750
3  642959 9 23457103451141113 959 9 17107507501111523                        710
1  651959 9 23457503451112991                                                750
2  922959 9 93657103651143121 99999997107509991212121                        710
2  932959 9 93657503651143121 99999997507109991212121                        750
1 1111959 9133657507501112111                                                750
2 1182959 9157007107101143121 99999997107509991212121                        710
2 1172959 9157007507101143121 99999997507109991212121                        750
3 200195911177007509951131133                                                750
3 20439591119710  27101141113 9591113  2710  21141113 95910217107507501111523  2
3   5295810257107507501141113 99999997507107101111443                        750
4   4395810257107507501141114 99999997107507101142121 99999997107507501132143750
2   6295811297107507501143121 99999997507109991212121                        750
1   7295811297107507501142121 99999997107509991212121                        750
3   92959 1 77107507101642121 99999997107509951132121                        750
3  101959 2237107507101211653                                                750
3  122959 4187107507101141113 99999997507107101214113                        750
1  133959 4187107507101141111 959 4607509997501142121 99999997507107101712161750
1  142959 7187107507101142421 99999997107507101712161                        750
3  191959 7287107509951211663                                                750
3  211959 8 77107509951111523                                                750
3  221959 8117107507101212213                                                750
3  231959 8177107507501111523                                                750
3  261959 8187107507501111523                                                750
1  241959 8187107507101412213                                                750
2  322959 8247107507501143121 99999997507107501112719                        750
3  251959 8257107507101211313                                                750
3  351959 8257107509951111513                                                750
3  522959 8307107506511141113 99999997507109951111523                        750
3  601959 8317107507501111523                                                750
3  662959 9 27107507501141113 99999997507107101111523                        750
3  672959 9 27107507501141113 99999997507107101111443                        750
3  691959 9 47107509951111513                                                750
3  822959 9 77107507501141113 99999997507109951111523                        750
3  832959 9 77107507501141113 99999997507107101111443                        750
2  842959 9 77107507501143121 99999997507109951211521                        750
2  791959 9 87107507101132132                                                750
3  892959 9 97107507501141113 959 8257507107101111523                        750
2  912959 9 97107507501143121 99999997507107101611523                        750
1  812959 9 97107507501642121 99999997107517511111523                        750
1  902959 9 97107507501642321 99999997107507501111523                        750
1  802959 9 97107507501642121 99999997107607601111523                        750
1 1032959 9117107507101142121 99999997107507101212121                        750
3 1042959 9117107507101141113 99999997507107501111523                        750
3 1102959 9127107507101141113 99999997507109951112993                        750
3 1142959 9137107507101642121 99999997107509951211521                        750
2 1132959 9137107507101143121 99999997507109951211521                        750
2 1202959 9167107507101143121 99999997507107101211521                        750
2 1192959 9167107507101143121 99999997507109991512993                        750
3 1291959 9257107507501111443                                                750
3 1301959 9257107507501321133                                                750
3 1281959 9257107507501311313                                                750
1 145295910 77107507101142121 99999997107507501212991                        750
1 152195910207107509951211521                                                750
3 155195910217107507501111523                                                750
3 157295910237107507501141113 95910217507107101111523                        750
1 168295910257107507501142221 99999997107507501511663                        750
3 166295910257107507101642121 99999997107507501123241                        750
3 167295910257107507501141113 95910207507107101111523                        750
3 173295910267107507101142121 99999997107507501132143                        750
1 270295910267107507101142221 99999997107509991112521                        750
3 170195910277107507501111523                                                750
2 187295911 77107507101143121 99999997507109991212121                        750
1 186295911 77107507101142221 99999997107509991212121                        750
1 184295911 77107507101142221 99999997107509951132141                        750
3 182195911 77107507501131133                                                750
3 188295911 77107507101642121 99999997107507501211521                        750
2 185295911 77107507101143121 99999997507109951132141                        750
1 196195911147107507101511663                                                750
4 218295912 17107507501141114 99999997107507101111673                        750
3 231295912177107507501642121 99999997107509951211521                        750
2 230395912177107507501143121 99999997507109991142121 99999997507109951132141750
1 225295912177107507501142221 99999997107509951211521                        750
2 226295912177107507501143121 99999997507109951211521                        750
2 229295912177107507501143111 95912267507108091212121                        750
1 228295912177107507501142211 95912267107508091212121                        750
1 227295912177107507501142221 99999997107509951421143                        750
3 238295912267107507101142121 99999997107507501132143                        750
1 240295912317107507501142221 99999997107509991212121                        750
2 241295912317107507501143121 99999997507109991212121                        750
1 2492960 2267107507501142121 99999997107507501212121                        750
3 2532960 4127107507501142121 99999997107507501732143                        750
1 2522960 4127107507501142111 960 4197107507501212121                        750
1 2551960 4197107507501212121                                                750
1 2652960 4257107507501142221 99999997107509991212121                        750
1 2622960 4257107507501642321 99999997107507501111523                        750
2 2642960 4257107507501143121 99999997507109991212121                        750
4 2672960 4257107507501141114 99999997107507501111523                        750
3 2632960 4257107507501642121 99999997107509951211521                        750
2 2662960 4257107507501643121 99999997507109951321133                        750
1 2582960 4257107507501642121 99999997107507501111523                        750
1 2602960 4257107507501142121 960 6997107509991212121                        750
3 2571960 4257107507501512121                                                750
3  571959 8317107517511111523                                                751
3  551959 8317107517101211313                                                751
3 1251959 9217107517101211313                                                751
3 151195910207107517511111443                                                751
3 154195910217107517511111443                                                751
3 192195911107107517101311313                                                751
3  541959 8317107607101211313                                                760
3  561959 8317107607601111523                                                760
3 150195910207107607601111443                                                760
3 153195910217107607601111443                                                760
3 193195911107107907101311313                                                790
3 215195911297107907101311313                                                790
3 216195912 17107907901111523                                                790
3 224195912157107907101311313                                                790
3 236195912277107907901111443                                                790
4  682959 9 27109997101141114 959 9 17107507501111523                        999
2  622959 9 1750  2  21143121 9999999  27109991212111                          2
1 22119591213750  27501112111                                                  2
1 1121959 9137503657501112111                                                365
2 1213959 9167503657501143121 99999993657107101143121 99999997107509991212121365
2 142295910 57503983981143121 99999993987103981212161                        398
1 143295910 67503983981142421 99999997507109991212121                        398
2   12958 9 47507107501141112 99999997507107501912993                        710
3   2395810187507107101141113 99999997107507101142121 99999997107507501132143710
3   3295810187507107101141113 99999997107507501112223                        710
3   8295812 27507107501642121 99999997507107501132121                        710
3  172959 4277507107501141113 99999997109997101121719                        710
1  162959 4277507107501642121 99999997507107101132143                        710
4  152959 4277507107501141114 99999997507107101214113                        710
3  182959 7237507107501141113 99999997107507101112719                        710
3  202959 8 67507107501141113 99999997107509991112533                        710
3  361959 8257507109951111513                                                710
4  372959 8267509997501141114 959 8997107507501111523                        710
2  392959 8287509997501141112 99999997107507501711523                        710
3  382959 8287509997501141113 99999997107507501711523                        710
3  451959 8297507107501211313                                                710
3  512959 8307507106511141113 99999997107509951111523                        710
2  752959 9 47507107501142221 99999997507109991212142                        710
2  763959 9 47507107501143121 99999997107509991142121 99999997107509991212142710
1  732959 9 47507107501142221 99999997507107101212161                        710
3  722959 9 47507107501141113 99999997109997101712719                        710
3  772959 9 47507107501141113 99999997107507101712993                        710
2  742959 9 47507107501143121 99999997107507501212161                        710
3  701959 9 47507109951111513                                                710
2 1012959 9107507107501143121 99999997107509991212121                        710
1  982959 9107507107101142221 99999997507109951132141                        710
1  992959 9107507107501642121 99999997507107501211533                        710
3 1022959 9107507107501642121 99999997507109951132121                        710
3  952959 9107507107501142221 99999997507107501211533                        710
1  962959 9107507107501142121 99999997507109991212121                        710
1 1002959 9107507107501142221 99999997507109991212121                        710
2  973959 9107507107101143121 99999997107509991142121 99999997107509951132141710
3  942959 9117507107501142221 99999997507107501211533                        710
3 1082959 9127507107501642121 99999997507109951132111                        710
1 1092959 9127507107501142221 99999997507109991212121                        710
4 1152959 9147507107501141114 99999997507107101111523                        710
3 1222959 9167507107501642111 95910 17507107101112631                        710
3 1262959 9257507107501142221 99999997507107501211533                        710
2 1272959 9267507107501143121 99999997107507501512993                        710
1 1372959 9267507107501142221 99999997507109991212121                        710
2 1382959 9267507107501143121 99999997107507501211521                        710
3 1311959 9277507107501321133                                                710
3 1322959 9277507107501141113 99999997107509951112533                        710
3 1343959 9287507107501141113 99999997107507101142121 99999997107507501132143710
1 1351959 9307507107101511653                                                710
1 1362959 9307507107501141111 99999997507107101312161                        710
1 139295910 37507107501142121 99999997507109991212121                        710
3 140295910 37507107501642121 99999997507107501132111                        710
1 141295910 47507107501142121 99999997507107101712161                        710
2 144295910 67507103981143121 99999997107507501211521                        710
1 149395910 87507107501141111 95910 77107507101142121 99999997107507501212991710
3 148295910 87507107501142221 99999997507107501211533                        710
3 156295910207507107101111523 95910207507106101111523                        710
2 159295910237507107501143121 99999997107507501511663                        710
2 158295910237507107501143121 99999997107507501211521                        710
2 160295910237507107501143121 99999997107507501123241                        710
3 162295910247507107501142121 99999997507107501211533                        710
3 161295910247507107501141113 99999997507107501111523                        710
3 164395910257507107501141113 95910237107507501141113 95910207507107101111523710
3 165195910257507107501321143                                                710
2 169295910277507107501143121 99999997107507501511663                        710
3 171295910297507107501642121 99999997507107101112111                        710
3 174395910307507107501141113 95910267107507101142121 99999997107507501132143710
3 175195910317507107501321143                                                710
3 176295911 17507107501414221 99999997507107501211533                        710
3 177295911 47507107101142221 99999997507107501211533                        710
1 179295911 47507107101142221 99999997507109991212121                        710
2 180295911 47507107101143121 99999997107507501211521                        710
4 178295911 47507107101141114 95910207507107101111523                        710
3 181295911 57507107501142221 99999997507107501211533                        710
3 183295911 87507107101142221 99999997507107501211533                        710
3 189395911 97507107501642111 95911 77107507101143121 99999997507109951132141710
3 191395911107507107501642121 99999997107507101142121 99999997107507501132143710
3 190295911107507107501142221 99999997507107501211533                        710
3 198395911167507107501642121 95911 77107507101143121 99999997507109951132141710
3 197295911167507107501642221 99999997507109991212121                        710
3 199295911177507107501141113 99999997107507101111673                        710
3 202295911197507107501142221 99999997507107601211533                        710
3 203295911197507107501142221 99999997507107511211533                        710
2 207295911207507107101143121 99999997107509951211521                        710
1 206295911207507107101142221 99999997507109951211521                        710
3 208395911207507107501642121 99999997107507101142121 99999997107507501132143710
1 205295911207507107101142221 99999997507109991212121                        710
1 212295911277507107501142221 99999997507109991212121                        710
3 211295911277507107501142221 99999997507107901211533                        710
3 210295911277507107501142221 99999997507107511211533                        710
3 213295911277507107501142221 99999997507107501211533                        710
3 214195911277507107501212213                                                710
3 209295911277507107501142221 99999997507107601211533                        710
2 219295912107507107101143121 99999997107507501511443                        710
3 223295912157507107501141113 99999997107507101111673                        710
1 233295912217507107501142121 99999997507109991212121                        710
3 232295912217507107501642121 95912267507108091212121                        710
3 235295912227507107501142221 99999997507107501211533                        710
1 234295912227507107501642121 99999997507107101111523                        710
3 237295912267507107501142221 99999997507107901211533                        710
3 2421960 1 27507107501321133                                                710
3 2432960 1 87507107501642121 99999997507109991212121                        710
1 2442960 2 57507107101142221 99999997507107501212121                        710
2 2452960 2 57507107101143121 99999997107507501212121                        710
3 2463960 2 57507107101642121 99999997107507101142121 99999997107507501132143710
3 2472960 2 67507107101141113 99999997107507101423991                        710
3 2502960 4 67507107501141113 99999997107507501111443                        710
1 2541960 4197507107501212121                                                710
3 2561960 4257507107501512121                                                710
1 2612960 4257507107501142121 960 6997507109991212121                        710
1 2592960 4257507107501642121 99999997507107101111523                        710
3 2683960 4267507107501141113 99999997107507101142121 99999997107507501132143710
3 2512960 4997507107501142121 99999997507107501321133                        710
1  502959 8307507517501142121 99999997507517501112111                        751
1 1051959 9117507517511211121                                                751
1  311959 8237507607501112111                                                760
1  492959 8307507607501142111 959 9 77507607501112111                        760
1  861959 9 87507607501212111                                                760
3  881959 9107507607501512111                                                760
9 1232959 9187507607501142121 99999997507607501223719                        760
1  482959 8307507707501142111 959 9 17507707501112111                        770
1 146195910 87507757501112111                                                775
3  442959 2257509997501642121 99999997507107501132111                        999
1  112959 4117509997501142121 99999997507107101712161                        999
3  342959 8257509997501142421 99999997507107511211533                        999
3  332959 8257509997501142421 99999997507107601211533                        999
1  432959 8287509997501142421 99999997507109991212121                        999
3  402959 8287509997501142421 99999997507107501211533                        999
1  463959 8297509997501142121 99999997507109991143121 99999997107509951211521999
1  532959 8317509997501642121 99999997507107101211533                        999
3  612959 9 1750999  21142121 99999997507107501211533                        999
1  712959 9 47509997501142121 99999997507109991212121                        999
3 1062959 9127509997501142421 99999997507107601211533                        999
3 1072959 9127509997501142421 99999997507107511211533                        999
3 1332959 9287509997501142421 99999997507107501211533                        999
3 2692960 1157509997501642121 99999997509999991112511                        999
3  581959 8317517107511211663                                                710
3  782959 9 57519997501142121 99999997517107511321133                        999
3 2482960 2 77537107531141113 99999997107507501111523                        710
2  282959 8237609997501141112 99999997107607601523151                        710
2  272959 8237609997501141112 99999997107607101311313                        710
4  632959 9 17609997601141114 959 8317107607601111523                        710
1  301959 8237607507501112111                                                750
1  851959 9 87607507501212111                                                750
3  871959 9107607507501512111                                                750
9 1162959 9157607507601142121 99999997607507601223719                        750
1 201195911187607507601112991                                                750
3  292959 8237609997501142421 99999997607107601211533                        999
2 2712959 9227617507611143121 99999997507617611132142                        750
1 147195910 87757507501112111                                                750
2 1242959 9187909997901141112 99999997107907101211313                        710
4 217295912 17909997901141114 95912 17107907901111523                        710
1 239195912278117507501112991                                                750
3 172295910299977108501141113 99999997107507501111523                        710
